#multi:
	mass A			mass B			
t	x	y	vx	x	y	vx	
0.000	0.174	0.000				
0.034	0.174	0.000	0.000			
0.067	0.174	0.000	0.000			
0.101	0.174	0.000	0.000			
0.135	0.174	0.000	0.000			
0.169	0.174	0.000	0.000			
0.202	0.174	0.000	0.000			
0.236	0.174	0.000	0.000			
0.270	0.174	0.000	0.000			
0.303	0.174	0.000	0.000			
0.337	0.174	0.000	0.000			
0.371	0.174	0.000	0.000			
0.404	0.174	0.000	0.000			
0.438	0.174	0.000	0.000			
0.472	0.174	0.000	0.000			
0.506	0.174	0.000	0.000			
0.539	0.174	0.000	0.000			
0.573	0.174	0.000	0.000			
0.607	0.174	0.000	0.000			
0.640	0.174	0.000	0.000			
0.674	0.174	0.000	0.000			
0.708	0.174	0.000	0.000			
0.742	0.174	0.000	0.000			
0.775	0.174	0.000	0.000			
0.809	0.174	0.000	0.000			
0.843	0.174	0.000	0.000			
0.876	0.174	0.000	0.000			
0.910	0.174	0.000	0.000			
0.944	0.174	0.000	0.000			
0.978	0.174	0.000	0.000			
1.011	0.174	0.000	0.000			
1.045	0.174	0.000	0.000			
1.079	0.174	0.000	0.000			
1.112	0.174	0.000	0.000			
1.146	0.174	0.000	0.000			
1.180	0.174	0.000	0.000			
1.213	0.174	0.000	0.000			
1.247	0.174	0.000	0.000			
1.281	0.174	0.000	0.000			
1.315	0.174	0.000	0.000			
1.348	0.174	0.000	0.000			
1.382	0.174	0.000	0.000			
1.416	0.174	0.000	0.000			
1.449	0.174	0.000	0.000	32.36	0.000	
1.483	0.174	0.000	0.000	31.32	0.000	-45.50
1.517	0.174	0.000	0.000	29.40	0.000	-40.15
1.551	0.174	0.000	0.000	28.71	0.000	-33.31
1.584	0.174	0.000	0.000	26.79	-0.174	-53.53
1.618	0.174	0.000	0.000	25.23	-0.348	-34.80
1.652	0.174	0.000	0.000	24.53	-0.348	-26.10
1.685	0.174	0.000	0.000	23.49	0.000	-34.80
1.719	0.174	0.000	0.000	22.27	0.000	-48.18
1.753	0.174	0.000	0.000	20.36	0.000	-42.83
1.787	0.174	0.000	0.000	19.49	0.000	-33.31
1.820	0.174	0.000	0.000	17.75	0.000	-37.47
1.854	0.174	0.000	0.000	17.05	0.000	-40.15
1.888	0.174	0.000	0.000	15.14	0.000	-44.36
1.921	0.174	0.000	0.000	14.09	0.000	-37.47
1.955	0.174	0.000	0.000	12.70	0.000	-26.65
1.989	0.174	0.000	0.000	12.00	0.000	-32.12
2.022	0.174	0.000	0.000	10.61	0.000	-40.15
2.056	0.174	0.000	0.000	9.395	0.000	-34.80
2.090	0.174	0.000	-21.41	8.351	0.000	-24.09
2.124	-1.218	0.000	-23.49	7.829	0.000	-7.829
2.157	-1.392	-0.174	-21.41	7.829	0.000	0.000
2.191	-2.610	-0.174	-26.65	7.829	0.000	0.000
2.225	-3.480	-0.174	-37.47	7.829	0.000	0.000
2.258	-5.045	0.000	-26.77	7.829	0.000	0.000
2.292	-5.219	0.000	-16.06	7.829	0.000	0.000
2.326	-6.089	0.000	-26.77	7.829	0.000	0.000
2.360	-6.959	-0.174	-24.43	7.829	0.000	0.000
2.393	-8.003	-0.174	-29.44	7.829	0.000	0.000
2.427	-8.873	0.000	-26.10	7.829	0.000	0.000
2.461	-9.743	0.000	-24.09	7.829	0.000	0.000
2.494	-10.44	0.000	-21.41	7.829	0.000	0.000
2.528	-11.13	0.000	-19.99	7.829	0.000	0.000
2.562	-12.00	0.000	-21.41	7.829	0.000	0.000
2.596	-12.53	0.000	-24.09	7.829	0.000	0.000
2.629	-13.57	0.000	-29.44	7.829	0.000	0.000
2.663	-14.44	0.000	-20.88	7.829	0.000	0.000
2.697	-14.96	0.000	-18.74	7.829	0.000	0.000
2.730	-15.66	0.000	-18.74	7.829	0.000	0.000
2.764	-16.18	0.000	-17.77	7.829	0.000	0.000
2.798	-17.05	0.000	-16.06	7.829	0.000	0.000
2.831	-17.22	0.000	-26.77	7.829	0.000	0.000
2.865	-18.79	0.000	-24.09	7.829	0.000	0.000
2.899	-18.79	0.000	-7.829	7.829	0.000	0.000
2.933	-19.31	0.000	-21.41	7.829	0.000	0.000
2.966	-20.18	0.000	-21.41	7.829	0.000	0.000
3.000	-20.70	0.000	-15.55	7.829	0.000	0.000
3.034	-21.40	0.000	-18.74	7.829	0.000	0.000
3.067	-21.92	0.000	-10.71	7.829	0.000	0.000
3.101	-22.10	0.000	-18.74	7.829	0.000	0.000
3.135	-23.14	0.000	-23.49	7.829	0.000	0.000
3.169	-23.66	0.000	-11.10	7.829	0.000	0.000
3.202	-24.01	0.000	-13.38	7.829	0.000	0.000
3.236	-24.53	-0.174	-13.38	7.829	0.000	0.000
3.270	-24.88	0.000	-16.06	7.829	0.000	0.000
3.303	-25.57	0.000	-13.38	7.829	0.000	0.000
3.337	-25.75	0.000	-6.663	7.829	0.000	0.000
3.371	-26.10	0.000	-18.27	7.829	0.000	0.000
3.405	-26.97	0.000	-13.38	7.829	0.000	0.000
3.438	-26.97	0.000	-8.030	7.829	0.000	0.000
3.472	-27.49	0.000	-18.74	7.829	0.000	0.000
3.506	-28.18	0.000	-18.74	7.829	0.000	0.000
3.539	-28.71	0.000	-10.71	7.829	0.000	0.000
3.573	-28.88	0.000	-4.442	7.829	0.000	0.000
3.607	-29.05	0.000	-5.219	7.829	0.000	0.000
3.640	-29.23	0.000	-5.353	7.829	0.000	0.000
3.674	-29.40	0.000	-8.030	7.829	0.000	0.000
3.708	-29.75	0.000	-5.353	7.829	0.000	0.000
3.742	-29.75	0.000	0.000	7.829	0.000	0.000
3.775	-29.75	0.000	-10.71	7.829	0.000	0.000
3.809	-30.45	0.000	-10.71	7.829	0.000	0.000
3.843	-30.45	0.000	-2.610	7.829	0.000	0.000
3.876	-30.62	0.000	-2.677	7.829	0.000	0.000
3.910	-30.62	0.000	0.000	7.829	0.000	0.000
3.944	-30.62	0.000	-8.030	7.829	0.000	0.000
3.978	-31.14	0.000	-6.663	7.829	0.000	0.000
4.011	-31.14	-0.174	-5.353	7.829	0.000	0.000
4.045	-31.49	-0.174	-8.030	7.829	0.000	0.000
4.079	-31.66	-0.174	-5.219	7.829	0.000	0.000
4.112	-31.84	-0.174	-5.353	7.829	0.000	0.000
4.146	-32.01	-0.174	-2.221	7.829	0.000	0.000
4.180	-32.01	-0.174	0.000	7.829	0.000	0.000
4.214	-32.01	-0.174	-5.353	7.829	0.000	0.000
4.247	-32.36	-0.174	-5.353	7.829	0.000	0.000
4.281	-32.36	-0.174	0.000	7.829	0.000	0.000
4.315	-32.36	-0.174	0.000	7.829	0.000	0.000
4.348	-32.36	-0.174		7.829	0.000	
