	mass A						
t	x	y	vx	vy	ax	ay	
0.000	0.168	-9.576E-2				
0.019	0.431	0.192	24.62	12.31		
0.038	0.742	0.192	10.77	7.182	-357.8	-102.2
0.058	0.790	0.431	5.745	10.05	164.2	54.72
0.077	0.934	0.527	11.49	4.309	109.4	-32.83
0.096	1.556	0.718	10.05	4.668	-65.66	-60.19
0.115	1.604	0.838	10.05	3.591	-131.3	-38.30
0.134	1.891	0.838	15.08	5.027	36.93	-36.93
0.154	2.107	1.005	10.05	5.027	-24.62	-12.31
0.173	2.226	1.005	12.93	2.155	0.000	-86.18
0.192	2.538	1.077	12.93	3.591	-24.62	61.56
0.211	2.657	1.125	9.336	3.591	-61.56	-86.18
0.230	2.849	1.197	12.21	1.436	160.0	-73.87
0.250	3.064	1.173	14.36	0.000	24.62	-73.87
0.269	3.328	1.197	13.65	0.000	-61.56	73.87
0.288	3.519	1.173	11.49	1.436	-73.87	-24.62
0.307	3.711	1.245	11.49	0.718	218.9	-114.9
0.327	3.902	1.197	12.93	-3.950	109.4	-38.30
0.346	4.572	0.982	12.93	-2.155	-109.4	76.61
0.365	4.764	1.053	11.49	1.436	-218.9	87.55
0.384	4.955	1.029	11.49	0.000	24.62	-123.1
0.403	5.147	1.053	12.21	-1.436	12.31	-98.49
0.423	5.362	0.982	12.21	-4.309	12.31	-98.49
0.442	5.554	0.910	12.21	-4.309	-86.18	24.62
0.461	5.769	0.838	10.05	-3.591	-49.25	36.93
0.480	5.889	0.790	9.336	-2.873	-110.8	-49.25
0.499	6.081	0.742	7.900	-5.027	-12.31	-36.93
0.519	6.152	0.622	7.182	-5.027	-24.62	-12.31
0.538	6.320	0.575	8.618	-4.309	384.7	-25.01
0.557	6.440	0.479	17.68	-6.475	256.8	-178.6
0.576	6.909	0.359	15.36	-8.197	-35.40	-74.98
0.595	7.464	-6.770E-2	8.315	-7.995	-244.0	40.27
0.615	7.464	-0.174	6.396	-8.955	-155.9	126.7
0.634	7.677	-0.366	9.594	-8.955	32.89	0.000
0.653	7.784	-0.473	5.757	-7.675	-10.96	21.93
0.672	7.869	-0.622	8.955	-8.955	43.86	-109.6
0.691	8.082	-0.771	8.955	-10.87	65.79	-164.5
0.711	8.167	-0.984	8.955	-14.71	43.86	-76.75
0.730	8.381	-1.262	12.15	-14.07	34.19	43.00
0.749	8.572	-1.454	9.632	-12.18	-140.9	24.79
0.768	8.702	-1.668	7.102	-13.68	68.06	17.07
0.787	8.809	-1.910	11.29	-12.10	5.401	40.40
0.807	9.078	-2.071	9.679	-11.29	-304.2	0.000
0.826	9.132	-2.286	-0.807	-12.91	-66.52	-54.46
0.845	9.051	-2.501	1.649	-7.433	9.847	-137.2
0.864	9.242	-2.782	1.954	-11.44	-61.83	-113.3
0.884	9.181	-3.264	-4.523	-25.33	30.05	31.71
0.903	9.091	-3.626	5.428	-19.00	527.3	232.6
0.922	9.362	-3.897	16.28	-17.19	31.02	-15.51
0.941	9.634	-4.199	6.333	-19.90	-542.8	124.1
0.960	9.573	-4.561	-4.523	-14.47	-294.7	186.1
0.980	9.483	-4.681	-2.714	-10.86	294.7	62.03
0.999	9.483	-4.923	5.428	-14.47	-59.04	-177.1
1.018	9.664	-5.164	-1.723	-15.51	-383.8	-29.52
1.037	9.423	-5.465	-12.06	-15.51	-500.4	157.5
1.056	9.242	-5.707	-16.24	-10.55	-17.68	-144.8
1.076	8.881	-5.817	-8.278	-12.07	438.7	-66.90
1.095	8.690	-6.511	7.541	-11.85	301.5	34.13
1.114	9.384	-6.607	16.52	-12.93	-136.8	153.2
1.133	9.240	-6.942	-6.464	-17.24	-824.9	0.000
1.152	9.169	-7.182	-6.464	-11.49	160.0	147.7
1.172	9.025	-7.325	-2.873	-11.49	-73.87	0.000
1.191	9.073	-7.565	-5.745	-12.93	-147.7	-73.87
1.210	8.834	-7.756	-11.49	-12.93	-98.49	73.87
1.229	8.690	-7.996	-7.182	-11.49	98.49	-24.62
1.248	8.594	-8.139	-7.900	-12.21	160.0	-36.93
1.268	8.427	-8.403	-3.591	-14.36	12.31	-123.1
1.287	8.474	-8.618	-4.309	-15.08	-197.0	-36.93
1.306	8.283	-8.905	-12.93	-16.52	-295.5	233.9
1.325	8.044	-9.169	-13.65	-7.900	-49.25	-38.30
1.344	7.828	-9.169	-7.900	-7.541	43.77	-38.30
1.364	7.517	-9.671	-6.104	-8.977	38.30	49.25
1.383	7.421	-9.767	-10.05	-5.745	32.83	164.2
1.402	7.182	-9.863	-12.21	-7.182	61.56	-172.4
1.421	7.014	-10.01	-7.182	-11.49	24.62	0.000
1.441	6.942	-10.25	-10.05	-8.618	-197.0	246.2
1.460	6.679	-10.29	-15.80	-1.436	-73.87	123.1
1.479	6.416	-10.29	-12.21	-4.309	258.5	-98.49
1.498	6.272	-10.44	-6.464	-6.464	110.8	-61.56
1.517	6.200	-10.51	-7.900	-5.027	-283.2	36.93
1.537	6.009	-10.61	-16.52	-5.745	-86.18	24.62
1.556	5.650	-10.70	-12.93	-4.309	49.25	0.000
1.575	5.578	-10.75	-10.77	-5.027	36.93	-12.31
1.594	5.291	-10.87	-15.08	-5.745	-224.3	-10.94
1.613	5.075	-10.94	-12.21	-2.514	-54.72	16.42
1.633	4.477	-11.04	-12.21	-2.514	54.72	60.19
1.652	4.261	-11.11	-15.08	-0.718	202.5	49.25
1.671	3.974	-11.06	-12.21	0.000	160.0	123.1
1.690	3.854	-11.11	-7.900	1.436	-12.31	24.62
1.709	3.711	-11.01	-12.93	2.873	-98.49	-98.49
1.729	3.423	-11.01	-12.93	-2.873	-24.62	-73.87
1.748	3.280	-11.11	-11.49	-0.718	-49.25	61.56
1.767	3.040	-11.04	-15.80	1.436	-24.62	98.49
1.786	2.753	-11.06	-12.93	0.718	123.1	61.56
1.805	2.609	-11.01	-10.05	4.309	24.62	147.7
1.825	2.418	-10.92	-12.93	5.745	73.87	0.000
1.844	2.178	-10.82	-8.618	4.309	-153.2	43.77
1.863	2.131	-10.77	-10.05	3.950	-109.4	49.25
1.882	1.508	-10.56	-12.21	5.027	76.61	0.000
1.901	1.317	-10.44	-8.618	6.464	251.7	-49.25
1.921	1.221	-10.34	-6.464	6.464	12.31	-12.31
1.940	1.101	-10.22	-8.618	6.464	0.000	160.0
1.959	0.934	-10.13	-7.182	10.77	73.87	-36.93
1.978	0.862	-9.863	-5.027	7.900	61.56	-135.4
1.998	0.766	-9.863	-5.745	2.873	-49.25	-24.62
2.017	0.670	-9.767	-6.464	8.618	-36.93	197.0
2.036	0.551	-9.576	-7.182	10.05	-49.25	0.000
2.055	0.431	-9.432	-7.900	7.900	61.56	-86.18
2.074	0.287	-9.312	-5.745	7.182	98.49	-49.25
2.094	0.239	-9.193	-3.591	6.464	-36.93	36.93
2.113	0.168	-9.097	-7.182	7.900	-21.89	136.8
2.132	-1.332E-15	-8.929	-3.232	8.259	16.42	114.9
2.151	-4.788E-2	-8.546	-2.155	9.336	43.77	-76.61
2.170	-0.144	-8.307	-4.309	9.336	65.66	-147.7
2.190	-0.192	-8.235	0.718	6.464	61.56	-86.18
2.209	-0.120	-8.091	-0.718	7.900	-61.56	61.56
2.228	-0.215	-7.972	-3.591	7.900	-12.31	-12.31
2.247	-0.239	-7.828	0.000	7.900	24.62	-61.56
2.266	-0.215	-7.708	-2.155	5.745	-12.31	-49.25
2.286	-0.311	-7.637	-2.155	5.745	12.31	98.49
2.305	-0.287	-7.517	0.000	9.336	98.49	12.31
2.324	-0.311	-7.325	0.000	7.182	24.62	-24.62
2.343	-0.287	-7.277	1.436	6.464	49.25	-12.31
2.362	-0.263	-7.110	1.436	8.618	0.000	137.6
2.382	-0.239	-6.990	0.701	7.357	0.000	68.82
2.401	-0.215	-6.607	0.701	8.408	-21.18	-52.94
2.420	-0.192	-6.416	0.000	8.618	-21.18	-148.2
2.439	-0.215	-6.320	-0.718	5.745	110.8	-49.25
2.458	-0.215	-6.224	3.591	7.182	-12.31	-24.62
2.478	-9.576E-2	-6.081	0.718	5.745	-36.93	49.25
2.497	-0.192	-6.033	-0.718	7.182	86.18	24.62
2.516	-0.120	-5.841	5.745	8.618	98.49	-24.62
2.535	-1.332E-15	-5.745	2.873	5.027	-24.62	-86.18
2.554	-2.394E-2	-5.674	2.873	5.745	24.62	24.62
2.574	9.576E-2	-5.554	5.745	6.464	0.000	12.31
2.593	0.168	-5.458	2.155	5.745	-12.31	-24.62
2.612	0.168	-5.362	4.309	5.745	65.66	65.66
2.631	0.311	-5.267	4.309	5.027	0.000	21.89
2.651	0.455	-5.027	2.155	4.668	-65.66	-60.19
2.670	0.455	-4.955	2.155	3.591	-5.472	-49.25
2.689	0.527	-4.908	5.027	5.745	61.56	49.25
2.708	0.622	-4.764	4.309	6.464	24.62	-61.56
2.727	0.670	-4.692	5.027	2.873	12.31	-73.87
2.747	0.790	-4.668	5.745	3.591	-24.62	-36.93
2.766	0.862	-4.572	3.591	2.873	-61.56	0.000
2.785	0.910	-4.572	3.591	2.155	86.18	-36.93
2.804	0.982	-4.501	6.464	2.873	-12.31	-24.62
2.823	1.125	-4.477	4.309	0.718	0.000	-12.31
2.843	1.125	-4.477	4.309	2.155	-24.62	61.56
2.862	1.269	-4.405	5.745	3.591	73.87	-61.56
2.881	1.317	-4.357	5.027	0.000	60.19	0.000
2.900	1.436	-4.405	5.386	1.077	49.25	38.30
2.919	1.676	-4.285	5.027	2.514	-87.55	5.472
2.939	1.771	-4.237	2.873	1.436	-76.61	-76.61
2.958	1.771	-4.237	3.591	-0.718	61.56	-12.31
2.977	1.891	-4.261	6.464	0.718	-12.31	36.93
2.996	1.987	-4.213	2.873	1.436	-73.87	0.000
3.015	1.987	-4.213	2.873	0.000	0.000	-98.49
3.035	2.083	-4.213	4.309	-1.436	73.87	-49.25
3.054	2.131	-4.261	4.309	-2.155	-24.62	12.31
3.073	2.226	-4.285	4.309	-0.718	0.000	12.31
3.092	2.274	-4.285	3.591	-1.436	12.31	0.000
3.111	2.346	-4.333	5.027	-1.436	-12.31	24.62
3.131	2.442	-4.333	3.591	0.000	27.36	-10.94
3.150	2.466	-4.333	2.873	-1.077	65.66	-60.19
3.169	2.633	-4.405	5.027	-2.514	-10.94	5.472
3.188	2.801	-4.501	5.027	-2.155	-93.02	-5.472
3.208	2.801	-4.477	1.436	-3.591	-98.49	-36.93
3.227	2.849	-4.620	2.873	-5.745	0.000	24.62
3.246	2.897	-4.668	1.436	-1.436	-24.62	147.7
3.265	2.897	-4.668	1.436	-0.718	0.000	-86.18
3.284	2.945	-4.692	2.155	-4.309	61.56	-73.87
3.304	2.968	-4.812	2.873	-4.309	24.62	24.62
3.323	3.040	-4.836	3.591	-2.155	-61.56	12.31
3.342	3.088	-4.884	0.718	-4.309	-61.56	-73.87
3.361	3.064	-4.979	0.718	-5.027	-12.31	-12.31
3.380	3.112	-5.051	1.436	-4.309	-21.89	-21.89
3.400	3.112	-5.123	-0.718	-3.232	-10.94	-38.30
3.419	3.064	-5.267	0.000	-3.950	43.77	5.472
3.438	3.112	-5.386	2.873	-5.745	-21.89	120.4
3.457	3.160	-5.458	-1.436	0.718	-98.49	110.8
3.476	3.064	-5.362	-2.155	0.000	-12.31	-197.0
3.496	3.088	-5.458	0.000	-7.900	24.62	-61.56
3.515	3.064	-5.626	-2.155	-2.873	-36.93	172.4
3.534	3.016	-5.554	-1.436	0.718	49.25	-36.93
3.553	3.016	-5.602	0.000	-5.745	-24.62	-147.7
3.572	3.016	-5.745	-2.155	-5.027	-61.56	36.93
3.592	2.945	-5.769	-2.873	-2.873	-49.25	73.87
3.611	2.921	-5.841	-2.873	-3.591	46.87	35.15
3.630	2.849	-5.889	-2.052	-1.368	-35.15	23.44
3.649	2.849	-5.889	-2.736	-2.052	21.18	-15.88
3.668	2.753	-5.961	-1.077	-1.795	-79.41	-15.88
3.688	2.777	-6.009	-3.232	-1.436	-49.25	0.000
3.707	2.538	-6.057	-9.336	-3.591	-5.472	-5.472
3.726	2.466	-6.128	-4.309	-3.591	123.1	36.93
3.745	2.394	-6.176	-5.745	-2.155	-98.49	61.56
3.765	2.274	-6.200	-7.900	-1.436	36.93	49.25
3.784	2.131	-6.224	-5.027	-0.718	12.31	12.31
3.803	2.107	-6.224	-5.745	-0.718	49.25	12.31
3.822	1.939	-6.248	-5.745	-0.718	24.62	36.93
3.841	1.915	-6.248	-2.873	0.718	4.363E-12	36.93
3.861	1.843	-6.224	-6.464	0.718	-110.8	61.56
3.880	1.700	-6.224	-7.182	2.155	-24.62	36.93
3.899	1.604	-6.152	-6.464	2.873	-114.9	32.83
3.918	1.484	-6.128	-7.541	1.795	-49.25	-49.25
3.937	1.101	-6.033	-6.823	0.359	93.02	49.25
3.957	1.029	-6.104	-4.309	4.309	207.9	10.94
3.976	0.958	-5.889	0.000	5.745		
3.995	1.029	-5.913				
