	mass A						
t	x	y	vx	vy	ax	ay	
1.268	-2.831E-2	-3.202E-2				
1.302	1.381E-2	-3.506E-4	1.106	0.792		
1.335	4.541E-2	2.077E-2	1.027	0.871	-5.804	-0.652
1.369	8.226E-2	5.771E-2	0.752	0.829	-8.517E-4	0.695
1.402	9.804E-2	7.881E-2	0.891	0.812	3.305	4.051E-3
1.435	0.140	0.110	1.215	0.974	0.658	2.645
1.469	0.177	0.142	0.827	0.904	-3.557	-5.707
1.502	0.198	0.174	0.891	0.650	-1.983	-2.431E-3
1.535	0.235	0.184	0.891	0.812	3.561	2.856
1.569	0.256	0.227	0.972	1.055	-7.863E-3	6.415
1.602	0.298	0.253	1.053	1.055	-0.662	0.660
1.636	0.324	0.295	0.752	1.130	-1.387	-2.086
1.669	0.351	0.332	0.948	0.871	2.587	-5.801
1.702	0.388	0.353	1.027	0.713	4.515	-0.639
1.736	0.419	0.380	1.128	0.830	-1.221	0.331
1.769	0.467	0.411	1.103	0.791	-7.088	3.111
1.803	0.491	0.431	0.603	0.992	-1.857	-1.053
1.836	0.506	0.476	0.851	0.853	5.521	-5.324
1.869	0.550	0.491	1.147	0.460	9.171E-3	-7.482
1.903	0.580	0.506	0.803	0.460	-2.817	9.349
1.936	0.603	0.521	0.851	0.960	-2.026	7.058
1.969	0.640	0.573	0.802	1.148	-2.799	-5.615
2.003	0.655	0.595	0.573	0.460	-0.904	-7.302
2.036	0.677	0.603	0.728	0.521	6.884	-0.975
2.070	0.707	0.633	1.006	0.561	4.557	4.569
2.103	0.744	0.640	1.146	0.690	-1.969	1.964
2.136	0.781	0.677	0.917	0.919	-4.037	2.012
2.170	0.804	0.700	0.802	0.689	-0.931	-3.742
2.203	0.834	0.722	0.851	0.640	4.032	2.022
2.236	0.863	0.745	1.032	0.804	-0.934	-0.936
2.270	0.901	0.775	0.917	0.689	-3.739	-1.875
2.303	0.923	0.790	0.639	0.533	-1.236E-3	1.009
2.337	0.945	0.812	0.917	0.804	1.874	-2.804
2.370	0.983	0.842	0.917	0.460	-1.868	-1.873
2.403	1.005	0.842	0.639	0.427	-5.904	3.926
2.437	1.027	0.872	0.558	0.896	0.913	1.119E-3
2.470	1.042	0.902	0.671	0.448	9.130	-3.639
2.504	1.072	0.902	1.171	0.428	4.911	3.939
2.537	1.124	0.931	1.146	0.919	-1.877	5.609
2.570	1.146	0.961	0.917	0.804	-8.060	-7.070
2.604	1.184	0.984	0.803	0.460	-3.023	-2.021
2.637	1.199	0.991	0.573	0.574	-0.939	2.805
2.670	1.221	1.021	0.745	0.747	3.025	1.012
2.704	1.251	1.043	0.802	0.575	2.809	-2.802
2.737	1.273	1.058	0.917	0.575	-1.869	-0.938
2.771	1.310	1.081	0.745	0.534	-4.915	-0.989
2.804	1.325	1.096	0.447	0.448	1.825	2.237E-3
2.837	1.340	1.111	0.894	0.560	7.295	4.572
2.871	1.385	1.133	1.064	0.747	1.965	0.986
2.904	1.415	1.163	0.917	0.689	-3.743	1.866
2.937	1.445	1.178	0.917	0.804	-3.735	-4.681
2.971	1.474	1.215	0.639	0.533	-2.016	-1.011
3.004	1.489	1.215	0.688	0.460	1.875	-3.739
3.038	1.519	1.245	0.917	0.575	1.863	6.549
3.071	1.549	1.253	0.745	0.640	-1.011	2.016
3.104	1.571	1.290	0.802	0.919	6.547	8.025E-3
3.138	1.601	1.312	1.261	0.575	-2.934	-12.79
3.171	1.653	1.327	0.783	0.113	-4.915	-0.989
3.204	1.653	1.320	0.559	0.336	-6.398	8.206
3.238	1.690	1.350	0.638	0.853	5.897	1.974
3.271	1.698	1.380	0.688	0.460	3.746	-3.736
3.305	1.735	1.380	1.147	0.460	9.353	1.146E-2
3.338	1.772	1.410	1.171	0.641	-5.045	2.011
3.371	1.817	1.424	0.917	0.460	-5.612	-6.878E-3
3.405	1.832	1.439	0.688	0.689	-5.609	-1.877
3.438	1.862	1.469	0.639	0.427	2.473E-3	-2.017
3.472	1.877	1.469	0.573	0.345	2.805	0.939
3.505	1.899	1.492	0.917	0.689	5.609	1.877
3.538	1.936	1.514	0.958	0.427	-4.914	-1.972
3.572	1.966	1.522	0.559	0.448	-0.913	-1.119E-3
3.605	1.974	1.544	0.782	0.560	2.948	0.987
3.638	2.018	1.559	1.032	0.460	0.983	1.205E-3
3.672	2.041	1.574	0.688	0.574	-5.610	-0.942
3.705	2.063	1.596	0.639	0.427	-4.034	-4.945E-3
3.739	2.085	1.604	0.458	0.459	3.739	1.875
3.772	2.093	1.626	0.802	0.689	4.679	-1.865
3.805	2.137	1.649	0.958	0.321	3.032	-5.039
3.839	2.160	1.649	0.803	0.230	-6.545	-1.879
3.872	2.190	1.664	0.688	0.345	-3.439E-3	2.806
3.905	2.205	1.671	0.639	0.320	1.958	6.885
3.939	2.234	1.686	0.894	0.784	1.820	4.565
3.972	2.264	1.723	0.782	0.784	-2.732	-4.566
4.006	2.286	1.738	0.639	0.320	1.972	-4.914
4.039	2.309	1.746	0.917	0.460	1.871	2.293E-3
4.072	2.346	1.768	0.917	0.460	-3.741	-4.586E-3
4.106	2.368	1.776	0.532	0.320	1.012	-3.025
4.139	2.383	1.791	0.917	0.345	3.439E-3	-2.806
4.173	2.428	1.798	0.803	0.116	-3.022	-3.029
4.206	2.436	1.798	0.459	0.115	-6.058	5.036
4.239	2.458	1.806	0.573	0.460	4.674	1.876
4.273	2.473	1.828	0.639	0.320	1.963	2.952
4.306	2.503	1.828	0.782	0.448	-0.915	1.824
4.339	2.525	1.858	0.558	0.672	4.561	1.831
4.373	2.540	1.873	0.958	0.427	-0.974	-7.867
4.406	2.592	1.888	0.803	0.230	-2.801	-3.745
4.440	2.592	1.888	0.459	0.115	3.439E-3	-2.806
4.473	2.622	1.895	0.959	0.108	7.047	11.10
4.506	2.659	1.895	0.917	0.689	-7.480	-1.880
4.540	2.681	1.940	0.458	0.345	-3.733	-6.551
4.573	2.689	1.918	0.533	-0.212	3.031	-4.031
4.606	2.719	1.925	0.803	0.345	2.795	8.421
4.640	2.741	1.940	0.688	0.345	1.826	-0.910
4.673	2.764	1.948	0.832	0.209	1.962	3.935
4.707	2.801	1.955	0.894	0.560	3.647	2.742
4.740	2.823	1.985	1.032	0.575	-2.944	-4.920
4.773	2.868	1.993	0.918	0.116	-6.053	1.001
4.807	2.883	1.993	0.458	0.574	-1.872	0.933
4.840	2.898	2.030	0.745	0.427	3.033	-6.048
4.873	2.935	2.022	0.803	-0.114	0.946	-8.416
4.907	2.950	2.022	0.688	8.438E-4	-6.878E-3	5.612
4.940	2.980	2.022	0.852	0.214	2.012	4.037
4.974	3.009	2.037	0.803	0.345	-2.809	2.802
5.007	3.032	2.045	0.688	0.345	-3.742	0.931
5.040	3.054	2.060	0.532	0.427	2.947	1.970
5.074	3.069	2.075	0.782	0.448	2.744	-5.472
5.107	3.106	2.090	0.895	0.113	-1.817	-6.390
5.141	3.129	2.082	0.533	-0.106	-4.912	-2.956
5.174	3.144	2.082	0.574	7.031E-4	0.933	1.872
5.207	3.166	2.082	0.688	8.438E-4	-2.473E-3	2.017
5.241	3.188	2.082	0.573	0.115	-3.029	3.022
5.274	3.203	2.090	0.459	0.230	-2.293E-3	1.871
5.307	3.218	2.097	0.532	0.214	7.058	2.026
5.341	3.241	2.105	0.917	0.345	3.740	0.940
5.374	3.278	2.120	0.917	0.345	-3.439E-3	2.806
5.408	3.300	2.127	0.745	0.427	0.986	-1.965
5.441	3.330	2.150	1.006	0.337	-2.734	-2.741
5.474	3.367	2.150	0.671	0.113	-9.120	-4.574
5.508	3.375	2.157	0.213	0.107	1.963	2.952
5.541	3.382	2.157	0.803	0.230	10.29	1.261E-2
5.574	3.427	2.172	1.147	0.231	1.868	1.873
5.608	3.457	2.172	0.745	0.214	-7.058	-2.026
5.641	3.479	2.187	0.688	0.230	-1.868	-1.873
5.675	3.501	2.187	0.688	8.438E-4	2.473E-3	-2.017
5.708	3.524	2.187	0.688	0.116	2.013	3.028
5.741	3.546	2.195	0.803	0.230	2.806	3.439E-3
5.775	3.576	2.202	0.852	0.108	1.205E-3	-0.983
5.808	3.606	2.202	0.783	0.113	0.911	0.914
5.842	3.628	2.210	0.895	0.225	-5.476	-6.712E-3
5.875	3.666	2.217	0.533	0.107	-2.946	-2.953
5.908	3.666	2.217	0.459	5.625E-4	2.293E-3	-1.871
5.942	3.695	2.217	0.803	9.844E-4	4.676	5.732E-3
5.975	3.718	2.217	0.639	7.835E-4	-4.034	-4.945E-3
6.008	3.740	2.217	0.574	7.031E-4	0.935	1.146E-3
6.042	3.755	2.217	0.688	8.438E-4	3.739	1.875
6.075	3.785	2.217	0.852	0.108	-2.026	7.058
6.109	3.815	2.225	0.573	0.460	0.933	1.872
6.142	3.822	2.247	0.803	0.345	-2.800	-4.680
6.175	3.867	2.247	0.639	7.835E-4	1.974	-5.897
6.209	3.867	2.247	0.559	6.855E-4	-6.388	-7.830E-3
6.242	3.904	2.247	0.559	6.855E-4	6.883	8.436E-3
6.275	3.904	2.247	0.688	8.438E-4	0.000	0.000
6.309	3.949	2.247	0.918	1.125E-3	3.741	4.586E-3
6.342	3.964	2.247	0.639	7.835E-4	-8.069	-9.890E-3
6.376	3.994	2.247	0.574	7.031E-4	-2.806	-3.439E-3
6.409	4.001	2.247	0.344	4.219E-4	2.806	3.439E-3
6.442	4.016	2.247	0.746	9.141E-4	9.070	6.063
6.476	4.053	2.248	1.032	0.345	-4.680	2.800
6.509	4.083	2.270	0.458	0.345	-7.479	-2.815
6.542	4.083	2.270	0.320	3.917E-4	-4.909	-5.905
6.576	4.105	2.270	0.336	4.113E-4	8.213	1.007E-2
6.609	4.105	2.270	0.671	8.227E-4	12.78	1.566E-2
6.643	4.150	2.270	1.385	1.698E-3	4.926	-7.860
6.676	4.202	2.270	1.033	-0.458	-14.03	-1.888
6.709	4.217	2.240	0.345	-0.344	-7.066	5.034
6.743	4.225	2.248	0.573	0.115	7.052	7.069
6.776	4.255	2.248	0.918	1.125E-3	-2.293E-3	1.871
6.810	4.284	2.248	0.532	0.214	-5.048	4.028
6.843	4.292	2.263	0.458	0.345	-3.742	0.931
6.876	4.314	2.270	0.459	0.230	3.746	-3.736
6.910	4.322	2.278	0.533	0.107	-0.972	-8.850
6.943	4.352	2.278	0.560	-0.335	4.566	-2.732
6.976	4.359	2.255	0.671	-0.223	10.95	3.664
7.010	4.396	2.263	1.385	0.108	44.23	10.87
7.043	4.456	2.263	3.441	0.348	-37.41	-2.852
7.077	4.620	2.285	-1.406E-4	0.115	-44.88	-12.21
7.110	4.456	2.270	-1.704	-0.641	-12.10	-2.032
7.143	4.501	2.241	0.918	-0.114	39.27	10.34
7.177	4.516	2.263	0.344	0.345	-6.557	8.409
7.210	4.523	2.263	0.426	0.214	7.418E-3	-6.052
7.243	4.545	2.278	0.459	0.115	5.732E-3	-4.676
7.277	4.553	2.270	0.344	-0.229	5.050	-6.045
7.310	4.568	2.263	0.803	-0.228	4.911	3.939
7.344	4.605	2.256	0.783	9.598E-4	0.913	1.119E-3
7.377	4.620	2.263	0.624	-0.103	-7.865	-0.993
7.410	4.650	2.248	0.459	-0.229	7.925E-16	-6.466E-13
7.444	4.650	2.248	0.459	5.625E-4	3.736	3.746
7.477	4.680	2.248	0.852	1.045E-3	10.09	1.236E-2
7.511	4.709	2.248	1.033	1.266E-3	-0.935	-1.146E-3
7.544	4.747	2.248	0.918	1.125E-3	-3.743	1.866
7.577	4.769	2.248	0.639	0.107	-10.09	0.996
7.611	4.792	2.256	0.344	0.115	-2.800	-4.680
7.644	4.792	2.256	0.344	-0.229	2.817	-9.349
7.677	4.814	2.241	0.640	-0.532	7.867	-0.974
7.711	4.836	2.219	0.783	-0.335	0.905	6.389
7.744	4.866	2.219	0.783	9.598E-4	-6.395	5.468
7.778	4.889	2.219	0.320	3.917E-4	-0.983	-1.205E-3
7.811	4.889	2.219	0.574	7.031E-4	4.676	5.732E-3
7.844	4.926	2.219	0.918	1.125E-3	4.034	4.945E-3
7.878	4.948	2.219	0.688	8.438E-4	-8.059	-8.079
7.911	4.971	2.219	0.459	-0.458	7.482	9.171E-3
7.944	4.978	2.189	0.959	-0.212	7.053	6.060
7.978	5.038	2.204	1.262	0.231	-6.554	5.604
8.011	5.060	2.204	0.344	4.219E-4	-15.89	-7.502
8.045	5.060	2.204	0.107	-0.213	4.926	-7.860
8.078	5.068	2.189	0.672	-0.558	5.479	-2.731
8.111	5.105	2.167	0.672	-0.447	5.469	5.482
8.145	5.112	2.159	0.746	-0.106	-0.992	6.881
8.178	5.157	2.159	0.918	1.125E-3	-5.614	1.864
8.211	5.172	2.159	0.229	2.813E-4	-3.732	-7.487
8.245	5.172	2.159	0.533	-0.425	7.065	-4.026
8.278	5.209	2.130	0.918	-0.458	1.871	2.293E-3
8.312	5.232	2.130	0.574	-0.229	-9.085	6.040
8.345	5.247	2.115	0.344	-0.229	1.006	2.018
8.378	5.254	2.115	0.574	7.031E-4	4.672	3.747
8.412	5.284	2.115	0.746	9.141E-4	2.954	-3.929
8.445	5.306	2.115	0.671	-0.223	4.474E-3	-3.650
8.479	5.329	2.100	0.783	-0.335	-8.212	-0.923
8.512	5.358	2.093	0.213	-0.213	1.969	-1.964
8.545	5.344	2.085	0.574	-0.458	-0.938	1.869
8.579	5.396	2.063	0.689	-0.229	3.734	5.616
8.612	5.388	2.070	0.319	0.107	-1.007	-1.010
8.645	5.418	2.070	0.918	-0.343	3.749	-6.542
8.679	5.448	2.048	0.574	-0.458	-2.804	-1.874
8.712	5.455	2.040	0.533	-0.319	-5.052	7.054
8.746	5.485	2.026	0.459	-0.114	1.867	2.808
8.779	5.485	2.033	0.459	5.625E-4	1.877	-5.609
8.812	5.515	2.026	0.746	-0.532	4.920	-2.944
8.846	5.538	1.996	0.672	-0.335	-3.356E-3	2.738
8.879	5.560	2.003	0.783	-0.111	4.912	2.956
8.912	5.590	1.988	1.033	-0.343	-4.915	-0.989
8.946	5.627	1.981	0.574	-0.114	-6.543	-2.814
8.979	5.627	1.981	0.320	-0.426	-1.006	-2.018
9.013	5.649	1.951	0.689	-0.458	-4.586E-3	3.741
9.046	5.672	1.951	0.344	4.219E-4	-2.808	1.867
9.079	5.672	1.951	0.320	-0.319	3.034	-7.056
9.113	5.694	1.929	0.689	-0.573	7.479	2.815
9.146	5.717	1.914	0.803	-0.114	-2.812	4.673
9.180	5.746	1.921	0.533	-0.106	-2.946	-2.953
9.213	5.754	1.907	0.448	-0.447	2.237E-3	-1.825
9.246	5.776	1.892	0.671	-0.223	9.124	1.836
9.280	5.799	1.892	0.959	-0.212	-2.952	1.963
9.313	5.843	1.877	0.689	-0.229	4.586E-3	-3.741
9.346	5.843	1.877	0.689	-0.343	-6.053	1.001
9.380	5.888	1.855	0.689	-0.343	-2.016	-1.011
9.413	5.888	1.855	0.230	-0.229	-1.871	-2.293E-3
9.447	5.903	1.840	0.640	-0.425	6.054	-2.010
9.480	5.933	1.825	0.689	-0.343	-1.867	-2.808
9.513	5.948	1.817	0.460	-0.573	-7.481	-0.944
9.547	5.963	1.788	0.214	-0.532	1.953	10.82
9.580	5.963	1.780	0.447	0.224	9.124	1.836
9.613	5.993	1.802	1.007	-0.222	0.919	-5.474
9.647	6.030	1.765	0.533	-0.532	-8.841	-6.893
9.680	6.030	1.765	0.230	-0.344	-1.146E-3	0.935
9.714	6.045	1.743	0.689	-0.688	5.605	5.618
9.747	6.075	1.721	0.639	7.835E-4	2.017	2.473E-3
9.780	6.090	1.743	0.689	-0.343	-3.733	-6.551
9.814	6.120	1.698	0.575	-0.917	1.021	-10.08
9.847	6.127	1.683	0.574	-0.688	-3.046	16.13
9.880	6.157	1.654	0.574	-0.114	-2.809	2.802
9.914	6.164	1.676	0.213	-0.106	2.023	-5.041
9.947	6.172	1.646	0.689	-0.802	1.831	-4.561
9.981	6.209	1.624	0.560	-0.335	-0.925	10.04
10.014	6.209	1.624	0.312	3.826E-4	0.990	-5.898
10.047	6.232	1.624	0.804	-0.687	6.388	7.830E-3
10.081	6.261	1.579	0.804	-0.343	-6.557	8.409
10.114	6.284	1.601	0.319	0.320	-5.049	5.037
10.148	6.284	1.601	0.344	-0.229	0.949	-11.22
10.181	6.306	1.587	0.574	-0.458	4.686	-7.476
10.214	6.321	1.572	0.533	-0.639	5.048	-4.028
10.248	6.344	1.542	0.919	-0.802	-1.872	0.933
10.281	6.381	1.520	0.574	-0.573	-6.555	6.539
10.314	6.381	1.505	0.213	-0.319	3.932	0.988
10.348	6.396	1.497	0.895	-0.446	5.473	1.832
10.381	6.441	1.475	0.783	-0.335	-4.922	4.910
10.415	6.448	1.475	0.344	4.219E-4	-6.885	1.958
10.448	6.463	1.475	0.459	-0.229	3.755	-11.22
10.481	6.478	1.460	0.534	-0.745	1.007	1.010
10.515	6.500	1.423	0.574	-0.343	2.800	4.680
10.548	6.515	1.438	0.689	-0.114	3.742	-0.931
10.581	6.545	1.415	0.853	-0.638	-2.012	-4.037
10.615	6.575	1.393	0.574	-0.343	-4.675	-0.941
10.648	6.582	1.393	0.460	-0.573	-1.872	0.933
10.682	6.605	1.356	0.533	-0.532	0.989	-4.915
10.715	6.620	1.356	0.448	-0.559	1.119E-3	-0.913
10.748	6.635	1.319	0.560	-0.894	4.561	1.831
10.782	6.657	1.296	0.746	-0.319	-0.994	8.848
10.815	6.687	1.296	0.574	-0.229	-2.808	1.867
10.849	6.694	1.281	0.459	-0.344	3.742	-0.931
10.882	6.717	1.274	0.853	-0.212	1.484E-2	-12.10
10.915	6.754	1.266	0.575	-1.032	-10.28	-4.689
10.949	6.754	1.207	1.125E-3	-0.918	-2.015	-2.020
10.982	6.754	1.207	0.460	-0.688	12.10	6.066
11.015	6.784	1.162	0.919	-0.917	9.357	-3.730
11.049	6.814	1.147	0.960	-0.638	2.942	5.903
11.082	6.851	1.117	1.119	-0.670	-7.307	5.467
11.116	6.888	1.103	0.560	-0.223	-13.70	5.459
11.149	6.888	1.103	2.612E-4	-0.213	1.983	-13.76
11.182	6.888	1.088	0.690	-1.146	5.618	-5.605
11.216	6.933	1.028	0.689	-0.917	-5.625	11.22
11.249	6.933	1.028	0.000	0.000	-12.12	16.12
11.282	6.933	1.028	0.000	0.000	13.10	-5.596
11.316	6.933	1.028	0.804	-0.343	12.17	-8.403
11.349	6.985	1.006	1.066	-0.638	9.890E-3	-8.069
11.383	7.008	0.983	0.575	-0.802	-14.03	-0.952
11.416	7.023	0.954	0.230	-0.803	-6.181E-3	5.043
11.449	7.023	0.931	0.459	-0.458	7.861	3.943
11.483	7.053	0.924	0.895	-0.446	5.478	-1.818
11.516	7.083	0.901	0.729	-0.623	-6.885	1.958
11.549	7.105	0.879	0.459	-0.344	-7.302	0.904
11.583	7.112	0.879	0.230	-0.459	3.741	4.586E-3
11.616	7.120	0.849	0.640	-0.532	6.063	-9.070
11.650	7.157	0.842	0.804	-0.802	-2.809	2.802
11.683	7.172	0.797	0.345	-0.688	-2.804	-1.874
11.716	7.180	0.797	0.533	-0.532	7.059	1.017
11.750	7.210	0.760	0.919	-0.917	3.748	-5.607
11.783	7.239	0.738	0.804	-0.802	-8.423	4.666
11.817	7.262	0.708	0.320	-0.639	-6.892	7.857
11.850	7.262	0.693	0.224	-0.223	5.478	-1.818
11.883	7.277	0.693	0.784	-0.670	6.390	-1.817
11.917	7.314	0.648	0.747	-0.638	-4.921	3.927
11.950	7.329	0.648	0.344	-0.114	-6.546	-0.943
11.983	7.336	0.641	0.345	-0.803	5.054	-9.071
12.017	7.351	0.596	0.689	-0.917	4.032	2.022
12.050	7.381	0.581	0.689	-0.458	-3.746	3.736
12.084	7.396	0.566	0.320	-0.639	-3.028	2.013
12.117	7.404	0.536	0.459	-0.458	1.868	1.873
12.150	7.426	0.536	0.574	-0.343	0.936	-0.934
12.184	7.441	0.514	0.427	-0.639	3.943	-7.861
12.217	7.456	0.492	0.784	-0.782	0.914	-0.911
12.250	7.493	0.462	0.672	-0.782	-7.304	2.729
12.284	7.501	0.440	0.107	-0.533	-4.920	2.944
12.317	7.501	0.425	0.345	-0.573	2.800	4.680
12.351	7.523	0.402	0.459	-0.344	5.631	-15.89
12.384	7.531	0.402	0.534	-1.278	13.12	-6.035
12.417	7.561	0.313	1.378	-1.375	-3.755	11.22
12.451	7.620	0.313	0.574	7.031E-4	-9.095	14.11
12.484	7.598	0.313	0.230	-0.573	-4.021	-11.10
12.518	7.635	0.276	0.804	-0.917	10.29	-5.599
12.551	7.650	0.253	0.640	-0.745	-6.063	9.070
12.584	7.680	0.224	0.574	-0.458	-0.922	7.300
12.618	7.687	0.224	0.448	-0.111	1.831	-4.561
12.651	7.710	0.216	0.729	-0.727	0.999	-12.78
12.684	7.740	0.171	0.575	-1.147	-0.919	5.474
12.718	7.747	0.142	0.574	-0.343	-4.689	10.28
12.751	7.777	0.149	0.426	-0.213	2.027	-8.066
12.785	7.777	0.127	0.460	-1.032	1.881	-8.415
12.818	7.807	8.204E-2	0.804	-0.917	4.679	-1.865
12.851	7.829	6.715E-2	0.640	-0.851	-4.039	4.029
12.885	7.852	2.244E-2	0.575	-0.917	-0.938	1.869
12.918	7.867	7.540E-3	0.574	-0.573	-4.689	10.28
12.951	7.889	-1.480E-2	0.320	-0.319	2.951	-0.980
12.985	7.889	-1.480E-2	0.560	-0.447	6.395	-5.468
13.018	7.926	-4.459E-2	1.008	-0.894	0.995	-9.831
13.052	7.956	-7.438E-2	0.575	-1.032	-8.850	0.972
13.085	7.964	-0.112	0.345	-0.917	-2.808	1.867
13.118	7.979	-0.134	0.427	-0.745	2.013	3.028
13.152	7.994	-0.164	0.460	-0.803	3.740	0.940
13.185	8.009	-0.186	0.689	-0.688	3.734	5.616
13.218	8.038	-0.209	0.746	-0.425	-1.014	4.033
13.252	8.061	-0.216	0.574	-0.343	0.943	-6.546
13.285	8.076	-0.231	0.804	-0.917	0.947	-9.352
13.319	8.113	-0.276	0.747	-1.064	-0.986	1.965
13.352	8.128	-0.305	0.560	-0.670	-6.399	9.118
13.385	8.150	-0.320	0.448	-0.447	-1.830	3.648
13.419	8.158	-0.335	0.320	-0.426	-2.952	1.963
13.452	8.173	-0.350	0.345	-0.344	0.948	-10.29
13.486	8.180	-0.357	0.345	-1.032	3.047	-17.14
13.519	8.195	-0.417	0.576	-1.720	-1.007	-1.010
13.552	8.218	-0.469	0.345	-1.032	2.793	10.29
13.586	8.218	-0.484	0.534	-0.745	7.056	3.034
13.619	8.255	-0.521	1.034	-1.031	4.680	-2.800
13.652	8.285	-0.551	0.804	-0.917	-10.30	9.340
13.686	8.307	-0.581	0.320	-0.426	-10.83	9.819
13.719	8.307	-0.581	1.371E-4	-0.112	-1.119E-3	0.913
13.753	8.307	-0.589	0.336	-0.447	15.53	-16.41
13.786	8.330	-0.611	1.067	-1.171	9.845	-10.80
13.819	8.382	-0.670	1.149	-1.375	-1.873	1.868
13.853	8.404	-0.700	0.804	-0.917	-12.17	7.467
13.886	8.434	-0.730	0.427	-0.852	-4.034	-4.945E-3
13.919	8.434	-0.760	0.345	-0.917	0.933	1.872
13.953	8.457	-0.790	0.689	-0.802	1.863	6.549
13.986	8.479	-0.812	0.427	-0.426	-10.11	22.18
14.020	8.487	-0.819	-7.031E-4	0.574	-5.636	19.63
14.053	8.479	-0.775	-1.406E-3	1.147	2.010	6.054
14.086	8.487	-0.745	0.228	0.803	7.877	-8.839
14.120	8.494	-0.723	0.447	0.560	1.826	-0.910
14.153	8.516	-0.708	0.415	0.625	-1.964	-1.969
14.187	8.524	-0.678	0.229	0.574	-1.829	2.736
14.220	8.531	-0.670	0.343	0.689	0.933	1.872
14.253	8.546	-0.633	0.319	0.853	-3.031	4.031
14.287	8.554	-0.611	0.114	0.803	-4.673	-2.812
14.320	8.553	-0.581	-9.844E-4	0.803	-1.867	-2.808
14.353	8.553	-0.558	-6.529E-4	0.533	2.023	-5.041
14.387	8.553	-0.543	0.114	0.459	2.801	3.745
14.420	8.561	-0.529	0.228	0.803	1.860	8.420
14.454	8.568	-0.491	0.212	1.066	1.974	-5.897
14.487	8.576	-0.454	0.335	0.448	2.747	-7.297
14.520	8.591	-0.461	0.447	0.336	1.822	2.740
14.554	8.605	-0.432	0.425	0.853	-1.974	5.897
14.587	8.620	-0.402	0.343	0.689	-0.940	3.740
14.620	8.628	-0.387	0.343	1.033	1.002	5.044
14.654	8.643	-0.335	0.457	1.263	-2.011	-5.045
14.687	8.658	-0.305	0.229	0.574	-5.597	-12.17
14.721	8.658	-0.297	-3.917E-4	0.320	2.013	3.028
14.754	8.658	-0.282	0.343	0.804	-0.943	6.546
14.787	8.680	-0.245	0.114	0.918	-0.928	-5.613
14.821	8.665	-0.223	-3.917E-4	0.320	-1.956	-8.851
14.854	8.680	-0.223	0.223	0.224	12.77	3.666
14.887	8.680	-0.208	0.670	0.672	3.644	5.480
14.921	8.724	-0.178	0.745	0.640	-6.885	1.958
14.954	8.732	-0.163	-8.438E-4	0.688	-11.23	1.857
14.988	8.724	-0.133	-1.125E-3	0.918	1.866	3.743
15.021	8.732	-0.103	0.212	0.853	8.066	2.027
15.054	8.739	-7.342E-2	0.458	1.033	-1.865	-4.679
15.088	8.762	-3.611E-2	0.229	0.689	2.027	-8.066
15.121	8.754	-2.866E-2	0.344	0.345	-1.010	1.007
15.155	8.784	-1.371E-2	0.458	0.804	-3.740	-0.940
15.188	8.784	2.358E-2	-0.107	0.426	-5.045	2.011
15.221	8.776	1.611E-2	0.114	0.574	6.385	2.746
15.255	8.791	6.087E-2	0.446	1.007	7.295	4.572
15.288	8.806	8.326E-2	0.520	0.625	0.988	-3.932
15.321	8.829	0.106	0.573	0.804	-4.557	-4.569
15.355	8.843	0.136	0.229	0.459	-5.605	-5.618
15.388	8.843	0.136	0.106	0.213	-5.043	-6.181E-3
15.422	8.851	0.150	-7.031E-4	0.574	5.604	6.554
15.455	8.843	0.173	0.343	0.689	6.542	3.749
15.488	8.873	0.195	0.638	0.747	6.181E-3	-5.043
15.522	8.888	0.225	0.229	0.459	-7.471	-9.362
15.555	8.888	0.225	0.115	1.406E-4	-1.009	-1.236E-3
15.588	8.896	0.225	0.229	0.459	1.957	7.868
15.622	8.903	0.255	0.223	0.671	-1.827	1.823
15.655	8.910	0.270	0.104	0.416	-2.942	-5.903
15.689	8.910	0.285	-4.219E-4	0.344	3.647	2.742
15.722	8.910	0.292	0.343	0.574	2.800	4.680
15.755	8.933	0.322	0.319	0.746	-1.007	-1.010
15.789	8.933	0.344	0.114	0.459	-2.801	-3.745
15.822	8.940	0.352	0.229	0.459	5.607	3.748
15.856	8.948	0.374	0.425	0.746	1.236E-3	-1.009
15.889	8.970	0.404	0.344	0.459	-4.665	-9.358
15.922	8.970	0.404	0.000	0.000	0.000	0.000
15.956	8.970	0.404	0.319	0.427	8.844	3.944
15.989	8.992	0.434	0.671	0.448	-1.830	3.648
16.022	9.015	0.434	0.223	0.448	-5.471	-3.657
16.056	9.007	0.464	0.106	0.426	-0.988	3.932
16.089	9.022	0.464	0.344	0.459	4.681	-3.735
16.123	9.029	0.494	0.344	0.459	-1.011	2.016
16.156	9.044	0.494	0.344	0.345	3.029	-3.022
16.189	9.052	0.516	0.458	0.459	-7.498	13.08
16.223	9.074	0.524	-1.175E-3	0.959	-8.072	3.016
16.256	9.052	0.583	-0.345	1.032	2.816	-8.414
16.289	9.052	0.591	0.344	0.115	10.30	-12.15
16.323	9.074	0.591	0.426	0.214	-1.969	1.964
16.356	9.081	0.606	0.111	0.336	-0.920	6.387
16.390	9.081	0.613	0.335	0.560	-0.923	8.212
16.423	9.104	0.643	0.212	0.959	-1.965	-0.986
16.456	9.096	0.680	-7.031E-4	0.574	-1.860	-8.420
16.490	9.104	0.680	0.229	0.230	9.355	-1.859
16.523	9.111	0.695	0.532	0.533	7.054	5.052
16.556	9.141	0.718	0.802	0.575	-2.800	-4.680
16.590	9.163	0.732	0.344	0.230	-13.11	-4.050
16.623	9.163	0.732	-0.115	0.229	-7.058	-2.026
16.657	9.156	0.747	-0.115	0.229	4.672	3.747
16.690	9.156	0.747	0.213	0.320	12.09	9.092
16.723	9.171	0.770	0.687	0.919	1.823	1.827
16.757	9.201	0.807	0.447	0.560	-7.291	-8.222
16.790	9.201	0.807	-1.275E-4	0.104	3.615E-3	-2.950
16.824	9.201	0.815	0.458	0.459	3.648	1.830
16.857	9.230	0.837	0.458	0.345	-3.735	-4.681
16.890	9.230	0.837	0.000	0.000	-6.049	-2.025
16.924	9.230	0.837	0.114	0.230	6.540	5.620
16.957	9.238	0.852	0.458	0.459	5.607	3.748
16.990	9.260	0.867	0.532	0.427	-1.006	-2.018
17.024	9.275	0.882	0.344	0.345	-6.541	-4.684
17.057	9.282	0.889	0.115	0.115	-2.807	0.932
17.091	9.282	0.889	0.106	0.320	-0.984	0.982
17.124	9.290	0.912	0.111	0.336	-0.920	6.387
17.157	9.290	0.912	-6.855E-4	0.559	-1.965	-0.986
17.191	9.290	0.949	-7.031E-4	0.574	1.965	0.986
17.224	9.290	0.949	0.114	0.344	0.943	-6.546
17.257	9.297	0.971	0.106	0.320	-1.005	-3.027
17.291	9.297	0.971	0.000	0.000	11.22	3.755
17.324	9.297	0.971	0.802	0.575	10.27	17.78
17.358	9.349	1.009	0.957	1.280	-5.045	2.011
17.391	9.364	1.061	0.228	0.803	-13.07	-15.92
17.424	9.364	1.061	0.115	1.406E-4	-2.790	-13.10
17.458	9.372	1.061	0.107	1.306E-4	-0.983	-1.205E-3
17.491	9.372	1.061	-4.529E-14	-5.551E-17	0.000	0.000
17.525	9.372	1.061	0.112	1.371E-4	2.738	3.356E-3
17.558	9.379	1.061	0.213	2.612E-4	-2.410E-3	1.966
17.591	9.387	1.061	0.115	0.115	0.934	0.936
17.625	9.387	1.068	0.229	0.115	7.479	2.815
17.658	9.402	1.068	0.639	0.214	4.032	2.022
17.691	9.431	1.083	0.573	0.345	-6.546	-0.943
17.725	9.439	1.091	0.115	0.115	-9.071	-5.054
17.758	9.439	1.091	0.000	0.000	-7.418E-3	6.052
17.792	9.439	1.091	0.114	0.459	4.672	3.747
17.825	9.446	1.121	0.319	0.427	1.004	4.036
17.858	9.461	1.121	0.229	0.459	4.474E-3	-3.650
17.892	9.461	1.150	0.223	0.448	-1.821	-3.653
17.925	9.476	1.150	0.208	2.551E-4	3.938	-3.928
17.958	9.476	1.150	0.344	0.230	0.910	1.826
17.992	9.498	1.165	0.459	0.230	-1.880	7.480
18.025	9.506	1.165	0.106	0.533	-7.061	1.000
18.059	9.506	1.203	-7.031E-4	0.574	-1.865	-4.679
18.092	9.506	1.203	0.000	0.000	1.146E-2	-9.353
18.125	9.506	1.203	0.000	0.000	2.017	2.473E-3
18.159	9.506	1.203	0.115	1.406E-4	2.804	1.874
18.192	9.513	1.203	0.229	0.115	6.048	3.033
18.225	9.521	1.210	0.459	0.230	-4.821E-3	3.933
18.259	9.543	1.218	0.335	0.336	0.911	0.914
18.292	9.543	1.233	0.312	0.313	-6.879	-2.958
18.326	9.565	1.240	0.115	0.115	4.551	10.04
18.359	9.551	1.240	0.343	0.918	-4.672	-3.747
18.392	9.588	1.300	0.213	0.320	4.048	-11.09
18.426	9.565	1.262	0.115	-0.459	-2.794	-9.356
18.459	9.595	1.270	0.459	0.115	1.856	12.16
18.493	9.595	1.270	-2.612E-4	0.213	-2.473E-3	2.017
18.526	9.595	1.285	0.458	0.345	3.742	-0.931
18.559	9.625	1.292	0.459	0.115	-1.869	-0.938
18.593	9.625	1.292	0.106	0.213	-0.990	5.898
18.626	9.632	1.307	0.447	0.560	1.824	0.915
18.659	9.655	1.330	0.335	0.336	-4.555	-6.394
18.693	9.655	1.330	0.000	0.000	-5.892	-5.907
18.726	9.655	1.330	0.000	0.000	7.482	9.171E-3
18.760	9.655	1.330	0.459	5.625E-4	4.034	4.945E-3
18.793	9.685	1.330	0.459	5.625E-4	-2.473E-3	2.017
18.826	9.685	1.330	0.229	0.115	1.869	0.938
18.860	9.700	1.337	0.639	0.107	2.018	-1.006
18.893	9.729	1.337	0.459	5.625E-4	-13.09	-3.757
18.926	9.729	1.337	-0.344	-0.115	-10.29	-0.948
18.960	9.707	1.330	-0.319	-0.107	14.74	4.934
18.993	9.707	1.330	0.671	0.225	10.95	3.664
19.027	9.752	1.345	0.671	0.225	-5.473	-1.832
19.060	9.752	1.345	0.000	0.000	-11.79	-3.947
19.093	9.752	1.345	0.000	0.000	0.000	0.000
19.127	9.752	1.345	0.000	0.000	5.609	1.877
19.160	9.752	1.345	0.319	0.107	3.025	1.012
19.194	9.774	1.352	0.344	0.115	0.936	-0.934
19.227	9.774	1.352	0.229	2.813E-4	-4.032	-2.022
19.260	9.789	1.352	0.229	2.813E-4	-2.017	-2.473E-3
19.294	9.789	1.352	0.000	0.000	-3.741	-4.586E-3
19.327	9.789	1.352	0.000	0.000	12.10	2.032
19.360	9.789	1.352	0.688	0.116	5.474	0.919
19.394	9.834	1.360	0.671	0.113	-5.474	-0.919
19.427	9.834	1.360	0.000	0.000	-11.80	-1.981
19.461	9.834	1.360	0.000	0.000	5.473	1.832
19.494	9.834	1.360	0.344	0.115	2.805	0.939
19.527	9.856	1.367	0.319	0.107	-3.025	-1.012
19.561	9.856	1.367	0.000	0.000	-5.609	-1.877
19.594	9.856	1.367	0.000	0.000	7.484	-1.861
19.627	9.856	1.367	0.426	-0.106	4.036	-1.004
19.661	9.886	1.360	0.459	-0.114	-1.872	0.933
19.694	9.886	1.360	0.115	1.406E-4	-7.063	2.009
19.728	9.893	1.360	0.115	1.406E-4	-0.978	-3.934
19.761	9.893	1.360	2.742E-4	-0.224	1.830	-3.648
19.794	9.893	1.345	0.208	-0.312	5.898	0.990
19.828	9.908	1.337	0.459	-0.114	3.643	6.393
19.861	9.923	1.337	0.459	0.115	-1.874	2.804
19.894	9.938	1.345	0.319	0.107	-5.042	-1.015
19.928	9.946	1.345	0.115	1.406E-4	-2.804	-1.874
19.961	9.946	1.345	0.115	1.406E-4	-0.935	-1.146E-3
19.995	9.953	1.345	0.107	1.306E-4	5.043	6.181E-3
20.028	9.953	1.345	0.344	4.219E-4	10.29	1.261E-2
20.061	9.975	1.345	0.918	1.125E-3	-5.602	-7.489
20.095	10.01	1.345	0.107	-0.426	-14.74	-3.951
20.128	9.983	1.315	-0.447	-0.448	-3.655	3.646
20.162	9.983	1.315	0.112	1.371E-4	10.03	7.313
20.195	9.990	1.315	0.213	2.612E-4	3.933	4.821E-3
20.228	9.998	1.315	0.344	4.219E-4	-0.935	-1.146E-3
20.262	10.01	1.315	0.229	2.813E-4	-4.034	-4.945E-3
20.295	10.01	1.315	0.000	0.000	-2.017	-2.473E-3
20.328	10.01	1.315	0.115	1.406E-4	4.676	5.732E-3
20.362	10.02	1.315	0.320	3.917E-4	1.009	1.236E-3
20.395	10.04	1.315	0.229	2.813E-4	1.871	2.293E-3
20.429	10.04	1.315	0.344	4.219E-4	10.29	1.261E-2
20.462	10.06	1.315	0.959	1.175E-3	3.026	3.709E-3
20.495	10.10	1.315	0.688	8.438E-4	-10.95	-1.839
20.529	10.10	1.315	1.371E-4	-0.112	-10.95	-0.926
20.562	10.10	1.308	1.275E-4	-0.104	1.977	-8.847
20.595	10.10	1.308	0.115	-0.573	0.916	-2.737
20.629	10.11	1.271	0.115	-0.573	4.671	4.682
20.662	10.11	1.271	0.320	3.917E-4	3.013	10.09
20.696	10.13	1.271	0.459	5.625E-4	0.000	0.000
20.729	10.14	1.271	0.229	2.813E-4	-5.612	-6.878E-3
20.762	10.15	1.271	0.107	1.306E-4	-3.026	-3.709E-3
20.796	10.15	1.271	0.000	0.000	1.871	2.293E-3
20.829	10.15	1.271	0.229	2.813E-4	16.15	-8.049
20.863	10.16	1.271	1.033	-0.458	4.921	-3.927
20.896	10.21	1.241	0.784	-0.446	-8.216	1.815
20.929	10.21	1.241	0.104	-0.104	-12.79	6.867
20.963	10.22	1.233	0.115	-0.115	-0.914	0.911
20.996	10.22	1.233	0.000	0.000	1.376E-2	-11.22
21.029	10.22	1.233	0.107	-0.746	7.061	-1.000
21.063	10.23	1.181	0.459	-0.458	1.859	9.355
21.096	10.25	1.204	0.344	0.345	-0.943	6.546
21.130	10.25	1.204	0.213	-0.213	-4.024	-8.074
21.163	10.27	1.189	0.230	-0.229	-1.871	-2.293E-3
21.196	10.27	1.189	1.406E-4	-0.115	-3.745	2.801
21.230	10.27	1.181	1.306E-4	-0.107	9.841	-6.871
21.263	10.27	1.181	0.560	-0.447	8.220	-5.466
21.296	10.30	1.151	0.784	-0.670	-2.952	1.963
21.330	10.32	1.137	0.230	-0.229	-9.849	13.75
21.363	10.32	1.137	0.114	0.230	-0.935	-1.146E-3
21.397	10.33	1.152	0.213	-0.106	10.09	-5.031
21.430	10.33	1.129	0.689	-0.343	1.872	-0.933
21.463	10.37	1.129	0.574	7.031E-4	-6.554	5.604
21.497	10.37	1.129	0.000	0.000	-4.032	-2.022
21.530	10.37	1.129	0.344	-0.114	2.807	-0.932
21.563	10.39	1.122	0.344	-0.114	-0.927	-6.548
21.597	10.39	1.122	0.107	-0.426	-4.914	-1.972
21.630	10.40	1.092	0.112	-0.447	8.211	1.835
21.664	10.40	1.092	0.559	-0.111	8.212	0.923
21.697	10.44	1.085	0.853	-0.425	5.911	-9.825
21.730	10.46	1.062	0.804	-0.802	-8.419	0.925
21.764	10.49	1.032	0.459	-0.458	-9.364	9.341
21.797	10.49	1.032	0.000	0.000	-2.017	-2.473E-3
21.831	10.49	1.032	0.345	-0.458	6.558	-9.345
21.864	10.51	1.003	0.575	-0.802	-1.010	1.007
21.897	10.53	0.980	0.230	-0.344	-6.063	9.070
21.931	10.53	0.980	0.115	-0.115	-2.812	4.673
21.964	10.54	0.973	0.107	-0.106	5.042	1.015
21.997	10.54	0.973	0.344	4.219E-4	2.738	3.356E-3
22.031	10.56	0.973	0.448	-0.111	3.658	-6.384
22.064	10.57	0.965	0.417	-0.416	-5.892	-5.907
22.098	10.59	0.943	0.230	-0.573	-3.649	-0.917
22.131	10.58	0.928	5.625E-4	-0.459	0.000	0.000
22.164	10.59	0.913	0.320	-0.532	11.09	1.022
22.198	10.60	0.891	0.689	-0.458	1.868	1.873
22.231	10.63	0.883	0.574	-0.343	-6.543	-2.814
22.264	10.64	0.869	0.107	-0.639	-7.060	-8.654E-3
22.298	10.64	0.839	0.115	-0.459	-0.935	-1.146E-3
22.331	10.65	0.839	0.115	-0.459	5.038	4.041
22.365	10.65	0.809	0.345	-0.458	6.880	1.975
22.398	10.67	0.809	0.671	-0.111	3.645	4.567
22.431	10.69	0.801	0.521	-0.207	-6.883	-8.436E-3
22.465	10.71	0.794	0.230	-0.114	-3.645	-4.567
22.498	10.71	0.794	0.230	-0.459	3.755	-11.22
22.532	10.72	0.764	0.534	-0.958	1.020	-9.076
22.565	10.74	0.727	0.345	-1.032	-4.680	2.800
22.598	10.74	0.697	0.116	-0.803	-2.821	12.16
22.632	10.75	0.675	0.213	-0.213	-1.236E-2	10.09
22.665	10.76	0.682	0.115	1.406E-4	-2.808	1.867
22.698	10.76	0.675	2.813E-4	-0.229	3.746	-3.736
22.732	10.76	0.667	0.320	-0.213	8.859	-7.855
22.765	10.78	0.660	0.672	-0.670	3.659	-7.296
22.799	10.80	0.623	0.560	-0.894	-6.393	3.643
22.832	10.82	0.600	0.213	-0.319	-7.877	8.839
22.865	10.82	0.600	2.813E-4	-0.229	-3.736	-3.746
22.899	10.82	0.585	8.438E-4	-0.688	2.473E-3	-2.017
22.932	10.82	0.556	5.625E-4	-0.459	-9.890E-3	8.069
22.965	10.82	0.556	-4.645E-14	-5.693E-17	11.22	1.376E-2
22.999	10.82	0.556	0.640	-0.425	10.10	-12.09
23.032	10.86	0.526	0.919	-0.917	-3.739	-1.875
23.066	10.88	0.496	0.230	-0.573	-11.23	6.533
23.099	10.88	0.488	0.107	-0.319	3.029	-3.022
23.132	10.89	0.474	0.460	-0.803	3.656	-4.559
23.166	10.91	0.436	0.448	-0.782	-3.658	6.384
23.199	10.92	0.421	0.104	-0.208	-4.921	3.927
23.232	10.92	0.421	0.115	-0.459	2.744	-5.472
23.266	10.92	0.392	0.345	-0.803	4.682	-4.671
23.299	10.94	0.369	0.427	-0.639	8.069	9.890E-3
23.333	10.95	0.347	0.804	-0.802	0.932	2.807
23.366	10.99	0.317	0.689	-0.573	-10.09	3.013
23.399	11.00	0.310	5.625E-4	-0.459	-12.11	6.037
23.433	10.99	0.287	-0.114	-0.344	8.421	-2.795
23.466	10.99	0.287	0.533	-0.425	7.075	-12.09
23.500	11.03	0.258	0.575	-1.261	-2.732	-4.566
23.533	11.03	0.205	0.113	-0.895	-2.751	10.95
23.566	11.04	0.198	0.416	-0.208	7.854	9.842
23.600	11.06	0.190	0.689	-0.343	1.833	-6.386
23.633	11.08	0.176	0.574	-0.688	-10.28	-5.624
23.666	11.10	0.146	9.141E-4	-0.746	-8.070	0.999
23.700	11.08	0.123	-0.114	-0.574	-0.943	6.546
23.733	11.09	0.108	0.115	-0.344	8.419	-0.925
23.767	11.09	0.101	0.320	-0.532	3.039	-11.09
23.800	11.11	7.117E-2	0.460	-1.147	5.623	-9.346
23.833	11.12	2.644E-2	0.575	-1.261	0.936	-0.934
23.867	11.15	-1.081E-2	0.641	-1.065	-9.849	13.75
23.900	11.16	-4.808E-2	-0.111	-0.448	-4.574	9.120
23.933	11.14	-4.065E-2	0.112	-0.224	8.844	3.944
23.967	11.17	-6.298E-2	0.804	-0.458	8.854	-3.922
24.000	11.19	-7.041E-2	0.574	-0.343	-8.423	4.666
24.034	11.21	-8.531E-2	0.213	-0.213	-6.042	-8.076
24.067	11.21	-8.531E-2	0.116	-0.688	-2.783	-18.71
24.100	11.22	-0.130	0.117	-1.721	-0.930	-4.677
24.134	11.22	-0.197	1.306E-3	-1.065	-2.030	10.08
24.167	11.22	-0.205	8.438E-4	-0.688	5.605	5.618
24.201	11.22	-0.242	0.345	-1.032	4.677	-0.930
24.234	11.24	-0.272	0.427	-0.639	5.895	3.940
24.267	11.25	-0.287	0.560	-0.670	-2.738	-3.356E-3
24.301	11.28	-0.316	0.448	-0.782	-3.647	-2.742
24.334	11.28	-0.339	0.107	-0.746	-2.944	-4.920
24.367	11.28	-0.369	0.346	-1.147	0.931	3.742
24.401	11.30	-0.413	0.230	-0.688	-3.755	11.22
24.434	11.30	-0.413	1.306E-4	-0.107	-4.048	11.09
24.468	11.30	-0.421	1.406E-4	-0.115	7.502	-15.89
24.501	11.30	-0.421	0.460	-1.032	6.068	-13.10
24.534	11.33	-0.488	0.575	-1.376	1.004	4.036
24.568	11.33	-0.510	0.345	-0.458	-6.570	18.70
24.601	11.35	-0.518	0.213	-0.106	2.028	-9.075
24.634	11.35	-0.518	0.345	-0.917	0.928	-12.78
24.668	11.37	-0.577	0.449	-1.342	3.646	3.655
24.701	11.38	-0.607	0.417	-0.416	-1.446E-2	11.80
24.735	11.40	-0.607	0.574	-0.458	-2.742	3.647
24.768	11.42	-0.637	0.230	-0.459	-5.621	7.475
24.801	11.42	-0.637	0.106	0.213	3.008	14.12
24.835	11.42	-0.622	0.458	0.459	3.739	1.875
24.868	11.45	-0.607	0.458	0.345	-3.740	-0.940
24.901	11.45	-0.600	0.106	0.320	-1.007	-1.010
24.935	11.45	-0.585	0.344	0.345	8.409	6.557
24.968	11.48	-0.577	0.802	0.689	3.023	2.021
25.002	11.51	-0.540	0.573	0.689	-6.885	1.958
25.035	11.51	-0.532	0.223	0.560	-5.472	-2.744
25.068	11.52	-0.503	0.207	0.625	-4.821E-3	3.933
25.102	11.53	-0.488	0.229	0.689	3.653	-1.821
25.135	11.54	-0.458	0.458	0.689	3.748	-5.607
25.169	11.56	-0.443	0.532	0.214	3.028	-2.013
25.202	11.57	-0.443	0.573	0.460	-2.817	9.349
25.235	11.60	-0.413	0.458	1.033	-3.747	4.672
25.269	11.60	-0.376	0.212	0.746	-10.07	-9.090
25.302	11.61	-0.361	-0.115	0.344	-4.661	-12.16
25.335	11.60	-0.353	-0.229	-2.813E-4	1.877	-5.609
25.369	11.60	-0.361	0.107	-0.106	10.80	10.83
25.402	11.60	-0.361	0.447	0.672	5.464	9.133
25.436	11.63	-0.316	0.558	0.784	2.946	2.953
25.469	11.64	-0.308	0.573	0.574	-0.977	-4.917
25.502	11.66	-0.279	0.573	0.689	-0.935	-1.146E-3
25.536	11.68	-0.264	0.426	0.427	4.945E-3	-4.034
25.569	11.69	-0.249	0.573	0.460	-0.938	1.869
25.602	11.71	-0.234	0.458	0.574	-1.261E-2	10.29
25.636	11.72	-0.211	0.425	1.066	-4.034	-4.945E-3
25.669	11.74	-0.159	0.343	0.804	-4.661	-12.16
25.703	11.74	-0.159	0.000	0.000	9.171E-3	-7.482
25.736	11.74	-0.159	0.319	0.320	5.037	5.049
25.769	11.77	-0.137	0.458	0.459	1.812	10.95
25.803	11.77	-0.129	0.334	0.895	-0.922	7.300
25.836	11.79	-7.714E-2	0.415	1.145	3.615E-3	-2.950
25.870	11.80	-4.729E-2	0.343	0.574	-2.719	-15.52
25.903	11.81	-3.983E-2	0.229	0.115	-3.731	-8.422
25.936	11.82	-3.982E-2	0.107	1.306E-4	5.036	6.058
25.970	11.82	-3.982E-2	0.458	0.459	5.607	3.748
26.003	11.85	-9.951E-3	0.688	0.460	2.015	2.020
26.036	11.86	-9.932E-3	0.458	0.345	-6.048	-3.033
26.070	11.88	1.246E-2	0.344	0.459	-2.806	-3.439E-3
26.103	11.89	1.992E-2	0.213	0.213	-2.012	-4.037
26.137	11.89	2.739E-2	0.229	0.230	5.469	5.482
26.170	11.90	3.486E-2	0.559	0.560	2.734	2.741
26.203	11.93	6.472E-2	0.520	0.521	-2.948	-0.987
26.237	11.94	7.219E-2	0.229	0.344	-5.470	-4.570
26.270	11.95	8.711E-2	0.229	0.344	-3.439E-3	2.806
26.303	11.95	9.458E-2	0.213	0.426	-2.017	-2.473E-3
26.337	11.96	0.117	0.114	0.459	2.806	3.439E-3
26.370	11.96	0.124	0.344	0.345	8.416	0.946
26.404	11.98	0.139	0.745	0.534	5.037	5.049
26.437	12.01	0.162	0.688	0.689	-7.478	-3.750
26.470	12.03	0.184	0.229	0.344	-8.060	-7.070
26.504	12.03	0.184	0.115	0.115	-2.944	-4.920
26.537	12.04	0.192	0.112	0.112	-0.911	-0.914
26.570	12.04	0.192	0.000	0.000	-2.410E-3	1.966
26.604	12.04	0.192	0.114	0.230	6.381	5.483
26.637	12.04	0.207	0.458	0.459	5.609	1.877
26.671	12.06	0.221	0.532	0.320	3.022	3.029
26.704	12.08	0.229	0.573	0.574	-4.675	-0.941
26.737	12.10	0.259	0.344	0.459	-4.669	-5.617
26.771	12.10	0.259	0.107	1.306E-4	-3.016	-8.072
26.804	12.11	0.259	0.229	2.813E-4	3.739	1.875
26.838	12.12	0.259	0.344	0.115	0.920	12.16
26.871	12.13	0.266	0.319	0.746	-0.992	6.881
26.904	12.14	0.311	0.223	0.783	-1.817	-6.390
26.938	12.15	0.319	0.224	0.112	1.454E-2	-11.86
26.971	12.15	0.319	0.213	2.612E-4	3.930	1.971
27.004	12.16	0.319	0.459	0.230	1.866	3.743
27.038	12.18	0.333	0.458	0.345	4.033	1.014
27.071	12.19	0.341	0.573	0.230	1.011	-2.016
27.105	12.22	0.348	0.688	0.230	-3.739	-1.875
27.138	12.24	0.356	0.213	0.107	-6.053	1.001
27.171	12.24	0.356	0.229	0.230	1.868	1.873
27.205	12.25	0.371	0.458	0.345	1.146E-3	-0.935
27.238	12.27	0.378	0.213	0.107	-2.013	-3.028
27.271	12.27	0.378	0.229	0.115	-1.829	2.736
27.305	12.28	0.386	0.223	0.336	3.647	2.742
27.338	12.28	0.401	0.312	0.313	-0.980	-2.951
27.372	12.30	0.408	0.344	0.115	-0.909	-2.739
27.405	12.30	0.408	0.115	0.115	2.800	4.680
27.438	12.31	0.416	0.532	0.427	5.041	2.023
27.472	12.34	0.438	0.573	0.345	-2.805	-0.939
27.505	12.35	0.438	0.229	0.230	-5.609	-1.877
27.539	12.36	0.453	0.213	0.320	-1.236E-3	1.009
27.572	12.36	0.460	0.229	0.230	3.743	-1.866
27.605	12.37	0.468	0.459	0.230	2.017	2.473E-3
27.639	12.39	0.475	0.459	0.230	0.000	0.000
27.672	12.40	0.483	0.335	0.224	4.563	5.593E-3
27.705	12.42	0.490	0.728	0.209	0.986	-1.965
27.739	12.45	0.498	0.573	0.115	-8.210	-2.748
27.772	12.45	0.498	0.000	0.000	-9.350	-1.882
27.806	12.45	0.498	0.000	0.000	2.017	2.473E-3
27.839	12.45	0.498	0.115	1.406E-4	2.804	1.874
27.872	12.46	0.498	0.229	0.115	5.610	0.942
27.906	12.47	0.505	0.426	0.107	1.236E-3	-1.009
27.939	12.49	0.505	0.344	4.219E-4	6.542	3.749
27.972	12.49	0.505	0.688	0.345	1.867	2.808
28.006	12.53	0.528	0.745	0.321	0.987	-2.948
28.039	12.54	0.528	0.447	5.484E-4	-9.119	-5.487
28.073	12.56	0.528	0.336	4.113E-4	-2.950	-3.615E-3
28.106	12.56	0.528	0.115	1.406E-4	-4.916	-6.026E-3
28.139	12.57	0.528	0.115	1.406E-4	4.672	3.747
28.173	12.57	0.528	0.319	0.213	7.058	2.026
28.206	12.59	0.543	0.688	0.230	3.743	-1.866
28.239	12.62	0.543	0.574	7.031E-4	-6.542	-3.749
28.273	12.63	0.543	0.213	2.612E-4	-8.069	-9.890E-3
28.306	12.63	0.543	0.000	0.000	-3.748	5.607
28.340	12.63	0.543	-4.219E-4	0.344	5.606	4.683
28.373	12.63	0.565	0.319	0.427	7.063	-2.009
28.406	12.65	0.573	0.573	0.115	0.920	-6.387
28.440	12.67	0.573	0.336	4.113E-4	-2.740	1.822
28.473	12.68	0.573	0.312	0.208	-2.952	1.963
28.507	12.69	0.588	0.229	0.230	1.827	-1.823
28.540	12.69	0.588	0.344	4.219E-4	2.810	-3.738
28.573	12.71	0.588	0.533	6.529E-4		
28.607	12.73	0.588				
