	mass A		
t	x	y	
0.000	3.682E-3	6.710E-2
0.033	-6.547E-3	6.628E-2
0.067	-1.514E-2	6.465E-2
0.100	-2.087E-2	6.301E-2
0.133	-2.128E-2	6.301E-2
0.167	-2.291E-2	6.137E-2
0.200	-2.455E-2	6.097E-2
0.233	-2.455E-2	6.260E-2
0.267	-2.578E-2	6.056E-2
0.300	-2.700E-2	5.933E-2
0.333	-2.782E-2	5.810E-2
0.367	-2.905E-2	5.810E-2
0.400	-2.946E-2	5.810E-2
0.433	-3.110E-2	5.769E-2
0.467	-3.191E-2	5.728E-2
0.500	-3.273E-2	5.646E-2
0.533	-3.355E-2	5.483E-2
0.567	-3.437E-2	5.401E-2
0.600	-3.642E-2	5.319E-2
0.633	-3.642E-2	5.319E-2
0.667	-3.764E-2	5.278E-2
0.700	-3.846E-2	5.237E-2
0.733	-3.928E-2	5.196E-2
0.767	-4.010E-2	5.074E-2
0.800	-4.092E-2	4.992E-2
0.833	-4.255E-2	4.910E-2
0.867	-4.296E-2	4.828E-2
0.900	-4.378E-2	4.705E-2
0.933	-4.542E-2	4.542E-2
0.967	-4.542E-2	4.542E-2
1.000	-4.583E-2	4.419E-2
1.033	-4.705E-2	4.378E-2
1.067	-4.705E-2	4.378E-2
1.100	-4.951E-2	4.214E-2
1.133	-4.951E-2	4.214E-2
1.167	-5.074E-2	4.051E-2
1.200	-5.074E-2	4.051E-2
1.233	-5.074E-2	4.051E-2
1.267	-5.196E-2	3.846E-2
1.300	-5.237E-2	3.682E-2
1.333	-5.278E-2	3.682E-2
1.367	-5.319E-2	3.519E-2
1.400	-5.565E-2	3.396E-2
1.433	-5.442E-2	3.355E-2
1.467	-5.565E-2	3.232E-2
1.500	-5.565E-2	3.069E-2
1.533	-5.565E-2	3.069E-2
1.567	-5.728E-2	2.987E-2
1.600	-5.769E-2	2.864E-2
1.633	-5.769E-2	2.864E-2
1.667	-5.892E-2	2.700E-2
1.700	-5.892E-2	2.619E-2
1.733	-5.892E-2	2.414E-2
1.767	-6.056E-2	2.373E-2
1.800	-6.015E-2	2.250E-2
1.833	-6.097E-2	2.128E-2
1.867	-6.097E-2	2.046E-2
1.900	-6.137E-2	1.882E-2
1.933	-6.219E-2	1.882E-2
1.967	-6.260E-2	1.678E-2
2.000	-6.260E-2	1.637E-2
2.033	-6.383E-2	1.391E-2
2.067	-6.383E-2	1.350E-2
2.100	-6.465E-2	1.227E-2
2.133	-6.465E-2	1.187E-2
2.167	-6.465E-2	1.064E-2
2.200	-6.465E-2	9.411E-3
2.233	-6.547E-2	9.002E-3
2.267	-6.547E-2	6.137E-3
2.300	-6.547E-2	5.728E-3
2.333	-6.547E-2	4.910E-3
2.367	-6.547E-2	2.455E-3
2.400	-6.547E-2	2.455E-3
2.433	-6.547E-2	1.227E-3
2.467	-6.628E-2	-8.183E-4
2.500	-6.628E-2	-8.183E-4
2.533	-6.628E-2	-1.637E-3
2.567	-6.628E-2	-3.682E-3
2.600	-6.588E-2	-4.501E-3
2.633	-6.588E-2	-6.137E-3
2.667	-6.547E-2	-6.956E-3
2.700	-6.547E-2	-6.956E-3
2.733	-6.547E-2	-9.820E-3
2.767	-6.547E-2	-1.023E-2
2.800	-6.547E-2	-1.187E-2
2.833	-6.506E-2	-1.350E-2
2.867	-6.506E-2	-1.473E-2
2.900	-6.465E-2	-1.718E-2
2.933	-6.465E-2	-1.637E-2
2.967	-6.383E-2	-1.718E-2
3.000	-6.383E-2	-1.882E-2
3.033	-6.383E-2	-1.964E-2
3.067	-6.342E-2	-2.128E-2
3.100	-6.342E-2	-2.250E-2
3.133	-6.301E-2	-2.291E-2
3.167	-6.219E-2	-2.414E-2
3.200	-6.219E-2	-2.414E-2
3.233	-6.178E-2	-2.700E-2
3.267	-6.137E-2	-2.864E-2
3.300	-6.137E-2	-2.864E-2
3.333	-6.097E-2	-2.987E-2
3.367	-5.933E-2	-3.028E-2
3.400	-5.892E-2	-3.069E-2
3.433	-5.892E-2	-3.232E-2
3.467	-5.892E-2	-3.355E-2
3.500	-5.810E-2	-3.519E-2
3.533	-5.769E-2	-3.601E-2
3.567	-5.687E-2	-3.682E-2
3.600	-5.565E-2	-3.723E-2
3.633	-5.606E-2	-3.928E-2
3.667	-5.442E-2	-4.010E-2
3.700	-5.483E-2	-4.092E-2
3.733	-5.401E-2	-4.214E-2
3.767	-5.237E-2	-4.337E-2
3.800	-5.237E-2	-4.337E-2
3.833	-5.237E-2	-4.419E-2
3.867	-5.074E-2	-4.583E-2
3.900	-4.951E-2	-4.664E-2
3.933	-4.910E-2	-4.787E-2
3.967	-4.828E-2	-4.828E-2
4.000	-4.828E-2	-4.828E-2
4.033	-4.664E-2	-4.951E-2
4.067	-4.583E-2	-5.033E-2
4.100	-4.419E-2	-5.155E-2
4.133	-4.378E-2	-5.237E-2
4.167	-4.296E-2	-5.278E-2
4.200	-4.214E-2	-5.278E-2
4.233	-4.092E-2	-5.360E-2
4.267	-3.969E-2	-5.524E-2
4.300	-3.928E-2	-5.646E-2
4.333	-3.887E-2	-5.646E-2
4.367	-3.805E-2	-5.646E-2
4.400	-3.723E-2	-5.646E-2
4.433	-3.560E-2	-5.810E-2
4.467	-3.519E-2	-5.892E-2
4.500	-3.478E-2	-5.933E-2
4.533	-3.273E-2	-6.056E-2
4.567	-3.069E-2	-6.137E-2
4.600	-2.987E-2	-6.137E-2
4.633	-2.946E-2	-6.178E-2
4.667	-2.905E-2	-6.178E-2
4.700	-2.741E-2	-6.260E-2
4.733	-2.619E-2	-6.383E-2
4.767	-2.455E-2	-6.383E-2
4.800	-2.332E-2	-6.424E-2
4.833	-2.332E-2	-6.424E-2
4.867	-2.169E-2	-6.588E-2
4.900	-2.128E-2	-6.628E-2
4.933	-1.964E-2	-6.669E-2
4.967	-1.841E-2	-6.710E-2
5.000	-1.718E-2	-6.710E-2
5.033	-1.514E-2	-6.833E-2
5.067	-1.473E-2	-6.833E-2
5.100	-1.432E-2	-6.833E-2
5.133	-1.309E-2	-6.792E-2
5.167	-1.146E-2	-6.792E-2
5.200	-1.105E-2	-6.751E-2
5.233	-9.002E-3	-6.874E-2
5.267	-7.774E-3	-6.915E-2
5.300	-6.547E-3	-6.915E-2
5.333	-5.319E-3	-6.915E-2
5.367	-4.910E-3	-6.915E-2
5.400	-3.273E-3	-6.915E-2
5.433	-2.455E-3	-6.915E-2
5.467	-8.183E-4	-6.792E-2
5.500	4.092E-4	-6.833E-2
5.533	1.227E-3	-6.833E-2
5.567	1.637E-3	-6.956E-2
5.600	3.682E-3	-6.874E-2
5.633	4.910E-3	-6.833E-2
5.667	6.137E-3	-6.792E-2
5.700	8.183E-3	-6.956E-2
5.733	1.023E-2	-6.833E-2
5.767	1.105E-2	-6.833E-2
5.800	1.105E-2	-6.956E-2
5.833	1.023E-2	-6.956E-2
5.867	1.391E-2	-6.956E-2
5.900	1.514E-2	-6.833E-2
5.933	1.678E-2	-6.792E-2
5.967	1.800E-2	-6.751E-2
6.000	1.800E-2	-6.751E-2
6.033	1.964E-2	-6.628E-2
6.067	1.964E-2	-6.628E-2
6.100	2.169E-2	-6.588E-2
6.133	2.332E-2	-6.588E-2
6.167	2.455E-2	-6.424E-2
6.200	2.537E-2	-6.383E-2
6.233	2.619E-2	-6.301E-2
6.267	2.741E-2	-6.301E-2
6.300	2.946E-2	-6.424E-2
6.333	3.110E-2	-6.301E-2
6.367	3.273E-2	-6.383E-2
6.400	3.314E-2	-6.219E-2
6.433	3.560E-2	-6.015E-2
6.467	3.560E-2	-6.015E-2
6.500	3.642E-2	-5.810E-2
6.533	3.764E-2	-5.810E-2
6.567	3.846E-2	-5.810E-2
6.600	3.928E-2	-5.728E-2
6.633	4.010E-2	-5.728E-2
6.667	4.092E-2	-5.728E-2
6.700	4.173E-2	-5.646E-2
6.733	4.337E-2	-5.606E-2
6.767	4.460E-2	-5.524E-2
6.800	4.419E-2	-5.483E-2
6.833	4.624E-2	-5.360E-2
6.867	4.664E-2	-5.319E-2
6.900	4.828E-2	-5.237E-2
6.933	4.910E-2	-5.115E-2
6.967	4.951E-2	-4.992E-2
7.000	4.951E-2	-4.992E-2
7.033	5.074E-2	-4.828E-2
7.067	5.155E-2	-4.746E-2
7.100	5.196E-2	-4.664E-2
7.133	5.278E-2	-4.583E-2
7.167	5.360E-2	-4.542E-2
7.200	5.401E-2	-4.542E-2
7.233	5.524E-2	-4.460E-2
7.267	5.565E-2	-4.378E-2
7.300	5.565E-2	-4.378E-2
7.333	5.646E-2	-4.173E-2
7.367	5.687E-2	-4.092E-2
7.400	5.769E-2	-3.969E-2
7.433	5.892E-2	-3.805E-2
7.467	5.974E-2	-3.723E-2
7.500	6.056E-2	-3.560E-2
7.533	6.097E-2	-3.396E-2
7.567	6.219E-2	-3.232E-2
7.600	6.219E-2	-3.232E-2
7.633	6.301E-2	-3.069E-2
7.667	6.342E-2	-2.987E-2
7.700	6.342E-2	-2.864E-2
7.733	6.424E-2	-2.700E-2
7.767	6.424E-2	-2.660E-2
7.800	6.424E-2	-2.619E-2
7.833	6.465E-2	-2.496E-2
7.867	6.465E-2	-2.455E-2
7.900	6.547E-2	-2.332E-2
7.933	6.628E-2	-2.250E-2
7.967	6.628E-2	-2.169E-2
8.000	6.710E-2	-2.005E-2
8.033	6.710E-2	-1.882E-2
8.067	6.710E-2	-1.718E-2
8.100	6.710E-2	-1.678E-2
8.133	6.792E-2	-1.555E-2
8.167	6.833E-2	-1.391E-2
8.200	6.833E-2	-1.350E-2
8.233	6.874E-2	-1.187E-2
8.267	6.915E-2	-1.105E-2
8.300	6.915E-2	-9.820E-3
8.333	6.915E-2	-9.002E-3
8.367	6.915E-2	-7.365E-3
8.400	6.915E-2	-6.137E-3
8.433	6.915E-2	-4.501E-3
8.467	6.915E-2	-2.455E-3
8.500	6.915E-2	-2.046E-3
8.533	6.915E-2	-1.227E-3
8.567	6.915E-2	-8.183E-4
8.600	6.915E-2	8.183E-4
8.633	6.833E-2	2.046E-3
8.667	6.833E-2	4.501E-3
8.700	6.833E-2	5.728E-3
8.733	6.915E-2	7.365E-3
8.767	6.915E-2	7.365E-3
8.800	6.874E-2	9.002E-3
8.833	6.874E-2	9.002E-3
8.867	6.874E-2	1.023E-2
8.900	6.710E-2	1.268E-2
8.933	6.710E-2	1.391E-2
8.967	6.710E-2	1.473E-2
9.000	6.710E-2	1.473E-2
9.033	6.669E-2	1.596E-2
9.067	6.669E-2	1.759E-2
9.100	6.588E-2	1.841E-2
9.133	6.547E-2	2.046E-2
9.167	6.547E-2	2.209E-2
9.200	6.547E-2	2.209E-2
9.233	6.547E-2	2.291E-2
9.267	6.383E-2	2.414E-2
9.300	6.342E-2	2.537E-2
9.333	6.219E-2	2.660E-2
9.367	6.137E-2	2.700E-2
9.400	6.056E-2	2.864E-2
9.433	6.097E-2	2.864E-2
9.467	6.097E-2	2.987E-2
9.500	6.015E-2	3.151E-2
9.533	5.851E-2	3.314E-2
9.567	5.728E-2	3.396E-2
9.600	5.687E-2	3.519E-2
9.633	5.565E-2	3.642E-2
9.667	5.401E-2	3.805E-2
9.700	5.401E-2	3.805E-2
9.733	5.401E-2	3.846E-2
9.767	5.401E-2	3.969E-2
9.800	5.237E-2	4.173E-2
9.833	5.237E-2	4.173E-2
9.867	5.155E-2	4.255E-2
9.900	5.115E-2	4.337E-2
9.933	5.115E-2	4.337E-2
9.967	5.033E-2	4.460E-2
10.000	4.910E-2	4.542E-2
10.033	4.746E-2	4.705E-2
10.067	4.705E-2	4.705E-2
10.100	4.583E-2	4.746E-2
10.133	4.419E-2	5.033E-2
10.167	4.419E-2	5.033E-2
10.200	4.378E-2	5.115E-2
10.233	4.173E-2	5.115E-2
10.267	4.133E-2	5.155E-2
10.300	4.051E-2	5.401E-2
10.333	4.010E-2	5.401E-2
10.367	3.887E-2	5.401E-2
10.400	3.642E-2	5.401E-2
10.433	3.560E-2	5.524E-2
10.467	3.560E-2	5.524E-2
10.500	3.437E-2	5.606E-2
10.533	3.437E-2	5.606E-2
10.567	3.355E-2	5.646E-2
10.600	3.314E-2	5.687E-2
10.633	3.028E-2	5.810E-2
10.667	2.864E-2	5.892E-2
10.700	2.700E-2	6.015E-2
10.733	2.700E-2	6.015E-2
10.767	2.537E-2	6.097E-2
10.800	2.332E-2	6.137E-2
10.833	2.332E-2	6.137E-2
10.867	2.291E-2	6.178E-2
10.900	2.169E-2	6.178E-2
10.933	2.046E-2	6.219E-2
10.967	1.923E-2	6.219E-2
11.000	1.678E-2	6.219E-2
11.033	1.596E-2	6.219E-2
11.067	1.473E-2	6.219E-2
11.100	1.555E-2	6.219E-2
11.133	1.555E-2	6.219E-2
11.167	1.227E-2	6.301E-2
11.200	9.820E-3	6.383E-2
11.233	9.820E-3	6.383E-2
11.267	9.820E-3	6.383E-2
11.300	9.411E-3	6.383E-2
11.333	9.002E-3	6.383E-2
11.367	7.365E-3	6.465E-2
11.400	6.956E-3	6.465E-2
11.433	4.910E-3	6.506E-2
11.467	4.501E-3	6.506E-2
11.500	8.183E-4	6.547E-2
11.533	-1.637E-3	6.547E-2
11.567	-1.637E-3	6.547E-2
11.600	-2.046E-3	6.342E-2
11.633	-3.273E-3	6.342E-2
11.667	-3.273E-3	6.342E-2
11.700	-4.910E-3	6.342E-2
11.733	-5.728E-3	6.301E-2
11.767	-9.002E-3	6.301E-2
11.800	-1.064E-2	6.301E-2
11.833	-1.064E-2	6.301E-2
11.867	-1.146E-2	6.178E-2
11.900	-1.146E-2	6.178E-2
11.933	-1.268E-2	6.219E-2
11.967	-1.350E-2	6.097E-2
12.000	-1.350E-2	6.056E-2
12.033	-1.514E-2	6.015E-2
12.067	-1.718E-2	5.851E-2
12.100	-1.718E-2	5.851E-2
12.133	-1.964E-2	5.810E-2
12.167	-1.964E-2	5.810E-2
12.200	-2.128E-2	5.810E-2
12.233	-2.209E-2	5.728E-2
12.267	-2.209E-2	5.728E-2
12.300	-2.455E-2	5.646E-2
12.333	-2.455E-2	5.646E-2
12.367	-2.619E-2	5.483E-2
12.400	-2.782E-2	5.360E-2
12.433	-2.823E-2	5.278E-2
12.467	-2.823E-2	5.278E-2
12.500	-2.905E-2	5.278E-2
12.533	-3.028E-2	5.237E-2
12.567	-3.191E-2	5.196E-2
12.600	-3.191E-2	5.155E-2
12.633	-3.273E-2	5.155E-2
12.667	-3.478E-2	4.910E-2
12.700	-3.478E-2	4.910E-2
12.733	-3.764E-2	4.910E-2
12.767	-3.764E-2	4.910E-2
12.800	-3.928E-2	4.869E-2
12.833	-3.928E-2	4.828E-2
12.867	-4.010E-2	4.664E-2
12.900	-4.092E-2	4.501E-2
12.933	-4.255E-2	4.501E-2
12.967	-4.296E-2	4.337E-2
13.000	-4.296E-2	4.296E-2
13.033	-4.419E-2	4.214E-2
13.067	-4.624E-2	4.173E-2
13.100	-4.624E-2	4.133E-2
13.133	-4.828E-2	3.887E-2
13.167	-4.828E-2	3.887E-2
13.200	-4.869E-2	3.846E-2
13.233	-4.869E-2	3.764E-2
13.267	-4.869E-2	3.682E-2
13.300	-4.869E-2	3.519E-2
13.333	-4.910E-2	3.396E-2
13.367	-4.910E-2	3.396E-2
13.400	-5.033E-2	3.191E-2
13.433	-5.196E-2	3.151E-2
13.467	-5.237E-2	3.151E-2
13.500	-5.319E-2	3.028E-2
13.533	-5.319E-2	2.905E-2
13.567	-5.401E-2	2.741E-2
13.600	-5.401E-2	2.537E-2
13.633	-5.524E-2	2.537E-2
13.667	-5.524E-2	2.373E-2
13.700	-5.606E-2	2.414E-2
13.733	-5.646E-2	2.209E-2
13.767	-5.646E-2	2.169E-2
13.800	-5.769E-2	2.087E-2
13.833	-5.810E-2	2.046E-2
13.867	-5.769E-2	1.882E-2
13.900	-5.769E-2	1.718E-2
13.933	-5.810E-2	1.555E-2
13.967	-5.810E-2	1.432E-2
14.000	-5.851E-2	1.391E-2
14.033	-5.892E-2	1.268E-2
14.067	-5.933E-2	1.187E-2
14.100	-6.056E-2	1.023E-2
14.133	-6.056E-2	9.002E-3
14.167	-6.056E-2	9.002E-3
14.200	-6.056E-2	7.774E-3
14.233	-6.178E-2	6.547E-3
14.267	-6.178E-2	4.501E-3
14.300	-6.178E-2	3.682E-3
14.333	-6.219E-2	2.455E-3
14.367	-6.219E-2	8.183E-4
14.400	-6.219E-2	8.183E-4
14.433	-6.301E-2	-8.183E-4
14.467	-6.260E-2	-2.455E-3
14.500	-6.097E-2	-3.682E-3
14.533	-6.137E-2	-4.501E-3
14.567	-6.178E-2	-5.319E-3
14.600	-6.219E-2	-5.728E-3
14.633	-6.219E-2	-7.774E-3
14.667	-6.219E-2	-7.774E-3
14.700	-6.178E-2	-9.002E-3
14.733	-6.178E-2	-1.187E-2
14.767	-6.178E-2	-1.227E-2
14.800	-6.178E-2	-1.350E-2
14.833	-6.056E-2	-1.514E-2
14.867	-6.056E-2	-1.555E-2
14.900	-6.056E-2	-1.678E-2
14.933	-5.892E-2	-2.005E-2
14.967	-6.097E-2	-1.964E-2
15.000	-6.056E-2	-1.964E-2
15.033	-5.933E-2	-2.169E-2
15.067	-5.892E-2	-2.332E-2
15.100	-5.851E-2	-2.373E-2
15.133	-5.892E-2	-2.455E-2
15.167	-5.892E-2	-2.537E-2
15.200	-5.646E-2	-2.619E-2
15.233	-5.687E-2	-2.864E-2
15.267	-5.606E-2	-3.028E-2
15.300	-5.606E-2	-3.028E-2
15.333	-5.565E-2	-3.110E-2
15.367	-5.524E-2	-3.110E-2
15.400	-5.524E-2	-3.110E-2
15.433	-5.401E-2	-3.355E-2
15.467	-5.237E-2	-3.723E-2
15.500	-5.237E-2	-3.723E-2
15.533	-5.196E-2	-3.887E-2
15.567	-5.155E-2	-3.887E-2
15.600	-5.074E-2	-3.887E-2
15.633	-5.074E-2	-3.928E-2
15.667	-5.033E-2	-3.969E-2
15.700	-4.828E-2	-4.133E-2
15.733	-4.828E-2	-4.337E-2
15.767	-4.828E-2	-4.337E-2
15.800	-4.787E-2	-4.337E-2
15.833	-4.583E-2	-4.624E-2
15.867	-4.501E-2	-4.664E-2
15.900	-4.419E-2	-4.787E-2
15.933	-4.337E-2	-4.910E-2
15.967	-4.214E-2	-4.992E-2
16.000	-4.092E-2	-5.155E-2
16.033	-4.092E-2	-5.155E-2
16.067	-4.092E-2	-5.155E-2
16.100	-4.214E-2	-5.155E-2
16.133	-3.969E-2	-5.319E-2
16.167	-3.764E-2	-5.524E-2
16.200	-3.682E-2	-5.524E-2
16.233	-3.682E-2	-5.687E-2
16.267	-3.601E-2	-5.769E-2
16.300	-3.478E-2	-5.810E-2
16.333	-3.437E-2	-5.892E-2
16.367	-3.396E-2	-5.933E-2
16.400	-3.273E-2	-5.933E-2
16.433	-3.028E-2	-6.056E-2
16.467	-2.987E-2	-6.056E-2
16.500	-2.905E-2	-6.097E-2
16.533	-2.864E-2	-6.097E-2
16.567	-2.619E-2	-6.260E-2
16.600	-2.619E-2	-6.260E-2
16.633	-2.578E-2	-6.506E-2
16.667	-2.537E-2	-6.506E-2
16.700	-2.373E-2	-6.506E-2
16.733	-2.373E-2	-6.506E-2
16.767	-2.128E-2	-6.547E-2
16.800	-1.882E-2	-6.669E-2
16.833	-1.800E-2	-6.710E-2
16.867	-1.759E-2	-6.751E-2
16.900	-1.596E-2	-6.956E-2
16.933	-1.473E-2	-6.956E-2
16.967	-1.350E-2	-6.997E-2
17.000	-1.227E-2	-7.079E-2
17.033	-9.820E-3	-7.079E-2
17.067	-9.820E-3	-7.079E-2
17.100	-9.002E-3	-7.079E-2
17.133	-8.592E-3	-7.079E-2
17.167	-7.365E-3	-7.079E-2
17.200	-6.547E-3	-7.079E-2
17.233	-4.501E-3	-7.079E-2
17.267	-3.273E-3	-7.119E-2
17.300	-3.273E-3	-7.119E-2
17.333	0.000	-7.160E-2
17.367	1.227E-3	-7.201E-2
17.400	1.227E-3	-7.160E-2
17.433	2.864E-3	-7.160E-2
17.467	4.910E-3	-7.160E-2
17.500	4.910E-3	-7.160E-2
17.533	6.956E-3	-7.119E-2
17.567	7.774E-3	-7.038E-2
17.600	9.411E-3	-7.324E-2
17.633	1.064E-2	-7.324E-2
17.667	1.268E-2	-7.242E-2
17.700	1.391E-2	-7.201E-2
17.733	1.432E-2	-7.160E-2
17.767	1.473E-2	-7.160E-2
17.800	1.555E-2	-7.119E-2
17.833	1.800E-2	-7.079E-2
17.867	1.841E-2	-7.079E-2
17.900	2.332E-2	-7.038E-2
17.933	2.291E-2	-7.119E-2
17.967	2.414E-2	-7.119E-2
18.000	2.496E-2	-6.997E-2
18.033	2.660E-2	-6.874E-2
18.067	2.700E-2	-6.874E-2
18.100	2.782E-2	-6.833E-2
18.133	2.905E-2	-6.792E-2
18.167	2.946E-2	-6.792E-2
18.200	3.069E-2	-6.792E-2
18.233	3.191E-2	-6.628E-2
18.267	3.355E-2	-6.628E-2
18.300	3.437E-2	-6.547E-2
18.333	3.478E-2	-6.506E-2
18.367	3.601E-2	-6.465E-2
18.400	3.642E-2	-6.424E-2
18.433	3.887E-2	-6.465E-2
18.467	4.010E-2	-6.383E-2
18.500	4.173E-2	-6.301E-2
18.533	4.296E-2	-6.260E-2
18.567	4.337E-2	-6.219E-2
18.600	4.419E-2	-6.137E-2
18.633	4.460E-2	-6.056E-2
18.667	4.501E-2	-6.015E-2
18.700	4.910E-2	-5.974E-2
18.733	4.951E-2	-5.974E-2
18.767	4.951E-2	-5.933E-2
18.800	4.992E-2	-5.933E-2
18.833	5.033E-2	-5.892E-2
18.867	5.074E-2	-5.728E-2
18.900	5.237E-2	-5.606E-2
18.933	5.401E-2	-5.442E-2
18.967	5.401E-2	-5.442E-2
19.000	5.401E-2	-5.319E-2
19.033	5.483E-2	-5.319E-2
19.067	5.565E-2	-5.196E-2
19.100	5.687E-2	-5.155E-2
19.133	5.728E-2	-5.115E-2
19.167	5.728E-2	-5.115E-2
19.200	5.810E-2	-4.951E-2
19.233	5.810E-2	-4.910E-2
19.267	6.219E-2	-4.664E-2
19.300	6.383E-2	-4.501E-2
19.333	6.424E-2	-4.501E-2
19.367	6.588E-2	-4.337E-2
19.400	6.588E-2	-4.337E-2
19.433	6.710E-2	-4.173E-2
19.467	6.710E-2	-3.969E-2
19.500	6.751E-2	-3.928E-2
19.533	6.874E-2	-3.805E-2
19.567	6.874E-2	-3.682E-2
19.600	6.915E-2	-3.642E-2
19.633	6.997E-2	-3.519E-2
19.667	7.119E-2	-3.355E-2
19.700	7.160E-2	-3.314E-2
19.733	7.160E-2	-3.273E-2
19.767	7.201E-2	-3.191E-2
19.800	7.201E-2	-3.069E-2
19.833	7.242E-2	-3.028E-2
19.867	7.283E-2	-2.864E-2
19.900	7.365E-2	-2.660E-2
19.933	7.447E-2	-2.578E-2
19.967	7.447E-2	-2.455E-2
20.000	7.529E-2	-2.291E-2
20.033	7.529E-2	-2.169E-2
20.067	7.692E-2	-1.923E-2
20.100	7.733E-2	-1.882E-2
20.133	7.733E-2	-1.678E-2
20.167	7.733E-2	-1.555E-2
20.200	7.733E-2	-1.514E-2
20.233	7.733E-2	-1.473E-2
20.267	7.733E-2	-1.432E-2
20.300	7.856E-2	-1.105E-2
20.333	7.856E-2	-1.064E-2
20.367	7.856E-2	-9.820E-3
20.400	7.856E-2	-9.411E-3
20.433	7.815E-2	-8.592E-3
20.467	7.815E-2	-5.319E-3
20.500	7.856E-2	-2.455E-3
20.533	7.856E-2	-2.046E-3
20.567	7.856E-2	8.183E-4
20.600	7.856E-2	1.227E-3
20.633	7.856E-2	1.227E-3
20.667	7.856E-2	1.637E-3
20.700	7.856E-2	1.637E-3
20.733	7.856E-2	4.092E-3
20.767	7.856E-2	4.501E-3
20.800	7.815E-2	7.774E-3
20.833	7.815E-2	9.002E-3
20.867	7.774E-2	9.002E-3
20.900	7.733E-2	9.820E-3
20.933	7.692E-2	1.064E-2
20.967	7.692E-2	1.227E-2
21.000	7.651E-2	1.391E-2
21.033	7.610E-2	1.555E-2
21.067	7.610E-2	1.637E-2
21.100	7.529E-2	1.759E-2
21.133	7.447E-2	1.923E-2
21.167	7.447E-2	2.209E-2
21.200	7.447E-2	2.209E-2
21.233	7.447E-2	2.373E-2
21.267	7.447E-2	2.373E-2
21.300	7.365E-2	2.496E-2
21.333	7.365E-2	2.537E-2
21.367	7.242E-2	2.700E-2
21.400	7.242E-2	2.782E-2
21.433	7.119E-2	2.946E-2
21.467	7.038E-2	3.028E-2
21.500	6.915E-2	3.191E-2
21.533	6.792E-2	3.437E-2
21.567	6.792E-2	3.437E-2
21.600	6.751E-2	3.437E-2
21.633	6.547E-2	3.519E-2
21.667	6.383E-2	3.682E-2
21.700	6.547E-2	3.723E-2
21.733	6.547E-2	3.764E-2
21.767	6.547E-2	3.846E-2
21.800	6.547E-2	3.846E-2
21.833	6.383E-2	4.010E-2
21.867	6.219E-2	4.133E-2
21.900	6.137E-2	4.173E-2
21.933	6.137E-2	4.214E-2
21.967	6.137E-2	4.214E-2
22.000	6.015E-2	4.337E-2
22.033	5.892E-2	4.501E-2
22.067	5.769E-2	4.583E-2
22.100	5.646E-2	4.664E-2
22.133	5.565E-2	4.828E-2
22.167	5.442E-2	4.992E-2
22.200	5.360E-2	5.074E-2
22.233	5.237E-2	5.155E-2
22.267	5.074E-2	5.196E-2
22.300	5.074E-2	5.237E-2
22.333	4.992E-2	5.319E-2
22.367	4.910E-2	5.319E-2
22.400	4.910E-2	5.319E-2
22.433	4.746E-2	5.483E-2
22.467	4.419E-2	5.565E-2
22.500	4.378E-2	5.565E-2
22.533	4.296E-2	5.646E-2
22.567	4.133E-2	5.687E-2
22.600	3.928E-2	5.769E-2
22.633	3.887E-2	5.810E-2
22.667	3.723E-2	5.933E-2
22.700	3.642E-2	5.974E-2
22.733	3.642E-2	5.974E-2
22.767	3.642E-2	5.974E-2
22.800	3.601E-2	5.974E-2
22.833	3.232E-2	6.097E-2
22.867	3.232E-2	6.097E-2
22.900	3.110E-2	6.137E-2
22.933	2.987E-2	6.178E-2
22.967	2.946E-2	6.219E-2
23.000	2.864E-2	6.260E-2
23.033	2.782E-2	6.301E-2
23.067	2.578E-2	6.383E-2
23.100	2.455E-2	6.424E-2
23.133	2.291E-2	6.465E-2
23.167	2.291E-2	6.465E-2
23.200	2.169E-2	6.547E-2
23.233	1.964E-2	6.628E-2
23.267	1.964E-2	6.628E-2
23.300	1.964E-2	6.628E-2
23.333	1.759E-2	6.669E-2
23.367	1.596E-2	6.751E-2
23.400	1.473E-2	6.792E-2
23.433	1.473E-2	6.792E-2
23.467	1.350E-2	6.792E-2
23.500	1.023E-2	6.751E-2
